  123   492
   64  1732
  161  4487
  127  8222
   58 12139
  110 15036
   92 16006
  196 16213
  130 16247
  164 17602
   77 19272
   59 20196
  158 19705
  103 17947
  173 16946
  141 17006
   95 18326
  144 19591
  185 20226
   54 20253
  144 19988
   86 19367
   93 18434
  110 17171
   68 15883
   99 15036
  129 14400
  114 14464
   75 14781
  108 15326
   96 15548
   48 15155
  147 14580
  152 14267
  150 15051
  145 16806
   72 18728
  184 20128
  148 20386
  153 20528
  148 20865
  164 21685
   36 22090
  128 21474
  129 19897
  182 18404
  101 17877
   67 18228
  173 18883
   40 18438
   79 17443
  160 15973
   84 15088
  119 15063
   80 15318
  184 16114
  141 16782
   67 17662
  184 18664
  157 19325
  121 20076
   76 20268
  172 20322
  101 19788
  168 19283
  135 19158
  107 19510
   50 19701
  158 19102
  159 18110
   50 17191
   96 16998
  105 16674
   94 16120
  130 15308
  146 15118
   79 15720
   36 16335
  138 16337
  121 15488
   76 14702
  124 14596
  141 15190
  123 16180
   79 16942
  170 17617
   94 17863
  172 18251
  172 18831
  103 19767
  141 20834
  110 21109
   69 20579
  171 19298
  152 18246
   65 17894
  162 18242
  148 18752
  106 19171
  145 19398
  146 19647
   94 19827
  177 19924
  128 19954
   82 19938
  141 19776
  141 19358
   91 18858
  126 18403
  188 18421
  168 18987
  144 20215
  103 21547
  105 22166
  100 21419
  105 19603
  109 17636
  115 16338
   93 15884
  180 16159
   83 16678
  119 17429
   54 17604
  169 17382
   82 16650
  149 16294
  148 16703
   78 17457
  170 18519
  136 18926
   84 19287
  137 19204
  147 19058
   63 18699
  181 18421
   71 18099
  142 18062
  134 17966
   88 17965
   87 17865
   79 17143
  140 16357
  161 15587
  152 16060
  208 17894
   50 20101
  100 21638
  161 21355
  113 19948
  145 18729
  155 18413
  216 19597
   60 20904
   76 21781
  136 21195
   71 19267
  174 17412
   92 16151
  138 16528
  158 17470
  145 18681
  152 19864
  148 20777
  134 21664
  183 22112
  118 22291
  166 22415
  103 22236
  152 21962
  153 21442
  105 20884
  130 20573
  192 20362
  111 20470
  209 21019
  160 21940
  143 23141
   85 23716
  182 23468
   96 22320
   54 20622
  143 19029
  111 17443
   77 16457
  153 15933
  184 16363
   73 17324
  155 18623
  155 19592
  184 20402
  123 21071
  154 21877
  183 22668
   47 22699
  135 22177
   87 20504
  124 18797
  119 17242
  130 16583
  157 17008
  162 18027
   77 19327
  155 20163
  165 20465
  137 20490
  143 20683
  155 21138
  100 21550
  161 21532
  128 21101
  162 20758
  147 20745
  135 21112
  167 21668
   52 21625
  159 21253
  115 20067
  126 19092
   87 18292
  165 18014
   99 18012
  157 18174
  108 18525
  140 18904
   61 19001
  123 18537
   85 17546
  125 16409
   48 15497
  131 14934
  194 15055
  163 15982
  143 18101
  155 20501
  147 22512
  106 23081
   68 22278
  158 20673
  133 18973
   95 17949
  133 17715
   73 17717
   75 17443
  101 16374
   84 15030
   77 13870
   71 13093
  214 13206
  118 14006
  144 15986
  132 18233
  171 20191
  127 21278
  156 21609
  150 21821
  128 21844
  115 21803
  174 21435
  113 20975
   96 20482
  165 20087
  101 19553
   94 19061
   97 18288
  147 17598
  116 17012
  126 16954
  121 17414
  199 18297
   92 19224
  119 20005
   80 20058
  147 19418
   89 18225
  144 17257
   82 16874
  115 16864
  157 17091
   92 17120
   65 17243
  108 16894
  150 16422
  163 16123
  187 16980
   71 18732
  177 20725
  163 21757
  158 22092
  197 22422
  154 23161
   78 24024
   61 23583
   87 21578
  117 18398
  108 15583
   98 14231
  144 14465
  172 15735
  101 17285
  156 18816
   81 19679
  122 19850
  164 19303
  155 18861
  138 19214
  106 19980
   71 20498
   61 19596
  112 17582
   60 15093
   59 13170
   99 12085
  102 11720
  104 11977
   69 12534
  185 13645
   73 14664
  155 15977
  119 17017
  125 17956
  167 18764
  101 19170
  155 19794
   66 19704
  172 19640
   69 18845
  104 18087
  133 17352
  168 16976
  124 17431
   79 18115
   74 18694
  131 18164
  116 17000
   78 15829
  115 15401
  192 15790
   42 16422
  136 17178
  117 17454
   55 17255
  162 16777
  162 16383
  183 17246
   56 18573
  110 20026
  131 20152
   63 18914
   91 17206
  185 15845
  152 15853
   62 16752
  100 17915
  122 18251
  115 17669
   83 16654
  174 16229
  112 16521
   36 17068
  132 17237
  140 16711
  144 16394
  117 16628
  175 17892
  171 19545
  146 21113
  196 22547
  105 23399
  185 24033
  124 23812
   96 23133
   85 21788
   98 19879
   89 17806
  185 16152
  108 15727
  115 16512
  129 17766
  100 18526
  136 18636
   68 17976
  116 17377
  142 16721
  118 16520
  202 17146
  147 18466
  157 20542
   84 21989
  105 22337
  155 21350
  135 19790
  112 18866
   81 18455
   99 18289
  152 17690
   66 16780
   56 15976
  133 15297
  121 14787
  166 14901
   74 15609
  137 17022
   90 17873
   87 17858
  192 17370
  164 17179
  140 18323
   62 19704
   54 20367
  120 19218
  106 16834
  140 15012
  154 14748
   68 15958
  185 17666
   86 18566
   77 18765
  123 18122
  135 17263
  126 16798
  103 16741
   81 17179
  148 17356
  130 17266
  113 17230
  108 17451
  123 17830
  116 17986
  130 17851
  115 17751
  113 17784
  160 18058
  231 18807
   88 20010
  118 21484
  139 22191
  110 21720
   83 20278
  146 18680
  186 17967
  130 18207
  100 19286
   77 19997
   87 19602
  127 18031
  178 16495
  144 16267
  143 17671
  117 19653
   94 20830
  120 20613
  157 19502
  152 18681
  184 18978
  119 20228
  163 21782
   63 22348
  133 21829
   61 20055
  234 18468
  182 17964
  119 19113
  197 21529
  142 23424
   87 24325
   98 23332
  143 21544
  151 19637
  109 18503
   96 18328
  119 18411
   83 18099
  136 17368
  139 16682
  105 16668
  185 17484
   84 18418
  108 19233
  143 19267
  159 19035
  162 19100
  147 19781
  134 21066
  132 21932
  149 22159
   80 21492
  119 20460
  206 19568
  110 19169
  124 19577
  188 20356
   99 21027
   60 20982
  177 20209
   70 18906
   75 17599
   65 16195
  128 15005
  198 14424
  107 14878
  190 16979
   82 19172
  139 20940
   73 20854
  111 19606
  105 17917
   46 16185
  206 15476
  140 15347
  124 16667
  153 18417
  144 20130
  136 21195
   68 21078
  140 20478
  126 19277
   80 18200
  192 17690
  123 17748
  155 18760
  121 19769
  130 20629
   53 20513
  152 19577
   64 18058
  105 16587
   52 15360
  100 14362
  218 14074
   30 14210
  182 15707
  122 17050
   79 18306
  144 18640
  151 18409
  219 18904
  166 20003
  160 22304
  184 24422
  114 25573
  133 25447
  115 23984
  121 22189
   97 20297
  136 18863
  182 18238
  178 18635
  156 20169
  227 22379
   94 24288
  151 25333
  132 24890
  127 23545
  104 21829
   72 20031
  231 19005
  127 18422
   85 18986
  121 19633
  107 19733
  101 18976
   78 17438
  196 16570
  147 16515
  142 17785
  165 19648
  154 21398
  143 22611
  130 22863
  153 22691
   67 21869
   71 20593
  165 18892
  155 17437
  105 17054
  135 17730
  176 19020
   60 19812
  130 19939
  112 19227
  116 18337
   97 17480
  182 17172
  133 17567
  101 18392
   96 19171
  105 19072
  159 18430
  117 17596
  133 17594
   95 18021
  139 18586
  127 18670
   81 18328
  131 17992
   71 17364
  205 17166
   59 16902
   40 16966
   87 16442
  102 15099
  110 13706
   73 12699
  158 13212
  183 14552
  121 16606
   88 18555
   89 19584
  167 19538
  108 18530
  183 18074
  129 18500
  149 19834
  173 21194
  177 22177
   78 22752
   85 22502
   90 21235
   43 18676
  134 15941
  108 13831
  113 13389
  105 14076
   78 15120
  177 16009
  144 16542
  131 17556
   76 18559
   71 19047
  135 18423
  118 16941
  189 16256
  154 16886
  150 18986
  111 21063
  163 22250
  124 22244
  135 21567
  100 20790
  117 19992
  176 19421
   86 18871
   85 18665
  139 18304
  120 17846
  179 17649
   36 17638
   99 17970
   53 17305
  105 15849
  152 14254
  180 13865
  144 15531
   94 17999
  189 20429
  168 21578
  105 21997
  107 21878
  113 21297
  112 20190
  169 18897
  170 18385
  108 18954
  165 20289
  130 21310
  141 21722
  121 21434
   69 20699
  138 19720
  181 18675
  113 18279
  136 18700
  134 19580
  101 20170
  115 19945
   83 18966
  120 17821
   93 16665
  108 15957
  174 15842
  105 16309
   93 17272
   92 17794
  175 17911
  114 17606
  198 17970
  166 19249
  150 21204
   90 22769
   77 22832
   94 21312
   67 18463
  201 16170
  103 15027
   38 15492
  110 16217
  124 16213
  165 15897
   86 15711
  160 16743
  165 18174
  154 19702
   88 20742
  151 21186
  119 21026
   92 20188
   84 19011
   56 17420
  136 15937
  116 14619
  133 14416
   67 14972
  156 16097
  175 17121
   62 17804
   82 18290
  137 18071
  108 17420
   67 16400
   67 15492
  147 14891
   60 14286
  114 14079
   81 13987
  127 14279
  111 14656
  128 15181
  162 16189
   72 17157
   72 17931
  182 17875
   55 17200
  181 16860
  186 17183
  169 18803
  122 20892
  106 22438
  193 23077
  141 22466
   57 21678
  166 20861
   87 19911
   88 18863
  101 17482
  159 16539
  140 16341
   87 16824
  196 18076
  165 19282
   78 20449
  183 21227
  162 21559
  127 21793
   70 21553
  106 20883
   94 19395
  136 17578
  163 16469
  151 16682
  153 18317
  159 20315
  159 21997
  146 22886
  173 23302
   86 23171
  158 22774
   85 21727
  158 20602
  186 19774
  134 19790
  179 20910
   63 21811
  168 22385
   70 21399
   73 19774
  199 18103
  111 17008
  117 17309
  140 18005
   90 18842
  145 19043
   96 18567
   89 18006
   81 17130
   89 16145
  121 15132
  141 14521
  146 15038
  126 16398
   78 17935
  125 18761
   72 18319
  114 17207
  125 16036
  137 15642
  105 16078
   92 16791
   55 17071
  180 16689
  137 16162
  157 16539
  129 17923
  173 19842
  168 21497
  146 22454
  186 23253
  153 23745
  103 24075
  109 23577
  117 22235
  134 20443
   82 18710
   97 17561
   91 16685
  118 15978
  186 15711
  168 16372
   37 17865
  176 19451
  153 20115
   87 19984
  117 19483
  172 19138
  220 19545
  171 20645
  171 22777
   81 24560
   73 24885
  177 23269
  189 20876
  183 19868
  160 20822
  132 22948
  161 24501
  180 24755
  102 24072
  205 23458
  130 23076
  180 23242
   99 23204
  133 22964
  183 22412
   88 21477
  136 20943
  180 20451
  150 20607
   98 20875
   92 20966
  184 20698
  164 20080
  110 19922
  106 20198
   98 20322
   86 19582
  115 17962
   92 16288
  194 15637
  113 16076
   86 17338
  182 18608
   49 18992
  124 18814
  157 17974
  128 17632
  123 17869
  116 18447
   91 18937
  143 18707
   80 18017
   60 17052
   49 15760
  201 14633
  140 14088
  109 14927
   90 16700
  143 18236
   82 18613
  104 17849
   70 16709
   75 15508
   64 14321
   91 13049
  118 12250
   81 12067
  152 12931
  124 14231
  126 15901
   94 17208
  118 17939
   88 17862
   60 16974
  181 16098
  130 15554
   39 15855
  111 16348
  106 16333
  148 15982
   97 15576
  127 16009
  183 17080
   98 18231
  122 19271
  176 19783
   92 20015
  154 20087
   90 19794
   32 19128
   80 17574
   66 15220
   73 12890
  108 11232
  118 11053
  167 12254
  119 14322
  163 16876
  136 19005
   91 20333
  126 20607
   66 19668
  118 18303
  149 16872
  100 16225
  174 16663
   90 17552
  111 18586
  100 18703
  163 18363
   76 17740
  124 17395
  103 17293
  105 17074
  170 17034
  198 17431
  169 19038
   92 21063
  140 22758
  166 23044
  135 22316
  122 21427
  135 20903
  132 20712
  158 20527
  156 20485
  153 20846
  153 21587
  114 22201
  156 22397
   72 21738
   47 20359
  158 18461
   95 16501
  146 15600
  183 15957
  203 17923
  159 20643
  108 23060
  171 24501
  176 24471
  110 23760
  124 22845
  234 22392
   94 22215
  122 22306
  125 22032
  104 21242
  154 20111
   70 18780
  159 18226
   55 17615
  171 17523
  158 17443
  117 17929
  153 19081
  121 19994
  109 20634
  111 20179
  146 19462
   60 18448
  154 17795
  135 17415
  174 17737
  152 18765
   98 20088
  132 21164
  111 21025
  140 20278
  137 19251
  171 19060
  107 19523
   79 20044
   82 19783
   86 18304
  162 16533
  113 15295
  196 15845
  109 17471
   78 19320
   86 19921
   83 18797
  102 16816
   76 14708
  172 13938
   34 13912
   68 14451
   62 14236
  132 13432
  138 12774
  168 13266
  169 15534
   75 18210
  153 20457
   66 20715
   54 19513
   99 17239
  134 15095
  192 14332
  140 15202
  129 17672
  118 19991
   64 20939
  154 20284
  121 18670
  117 17631
  136 17443
  168 18111
  109 19034
  104 19655
   52 19510
  174 18626
   94 17306
   93 16439
  144 16306
  163 16801
  139 17860
  114 18903
  115 19890
  195 20370
   78 20304
  203 20416
   97 20484
  128 20832
  130 20746
  141 20274
  159 20019
  159 20014
   85 20613
  133 20901
  129 20646
  137 19904
  169 19404
  108 19462
   98 19938
   44 19617
   81 18225
   73 15753
  151 13609
  154 12925
   63 13819
  179 15883
  139 17622
  105 18916
   93 19289
  108 19012
  148 18356
  137 17631
   66 17451
  139 17618
  131 17768
   91 17681
  132 17498
   70 17205
   36 16647
   66 15235
  122 13451
  168 12306
   35 12372
  177 13988
   51 15425
  113 16377
   95 16147
  132 15624
  110 15492
   93 15603
  174 16425
  107 17004
  111 17872
  142 18367
  133 18738
  171 19148
  105 19534
  127 20148
  105 20215
  142 19860
  166 19320
  180 19359
  121 20311
   80 21313
  135 21607
   67 20396
  117 18541
  150 16838
  133 16297
  112 16869
   68 17634
  124 18003
   49 17136
   81 15725
  139 14277
   86 13495
  142 13859
  171 15003
  223 17253
  165 20006
  134 22875
  175 24967
   98 25357
   78 24224
  116 21841
  190 19606
   59 18043
  155 17760
  115 18025
  137 18497
  125 18749
  137 18872
  111 19124
   65 18896
  104 18304
  138 17086
  141 16277
  118 16279
  175 17374
  199 19156
   60 20767
  165 21914
  182 22118
   83 21802
  130 21263
  162 20669
  111 20289
   84 19730
  143 19202
  116 18536
   74 17835
   78 17057
   91 16036
   89 14885
   94 13839
   94 13289
  121 13384
   79 13847
   84 14330
  205 14895
  102 15602
  154 17036
  168 18699
  149 20432
  163 21793
   86 22319
  171 22463
   92 21634
  162 20850
  109 19953
   85 19342
  165 19000
  180 18735
   84 19055
   53 19257
  105 18967
  180 17862
  129 16779
  129 16856
  159 18152
  156 19860
   45 20771
  134 20573
  144 19512
  125 18451
  118 17982
  133 18158
  182 18934
  136 19703
  126 20609
  126 21152
  117 21183
   83 20412
  157 19233
  112 18179
   68 17547
  168 17389
   99 17241
  100 17297
  149 17311
  135 17578
  136 18119
  133 18768
   77 19320
   98 19176
  134 18346
  171 17498
  118 17321
   58 17876
  153 18534
  135 18486
   57 17932
  138 17323
   81 16747
  223 16835
   63 17026
  169 18110
  123 19105
   58 19566
  130 19278
  177 18221
  160 18041
   67 18360
   72 19132
  103 18847
  140 17531
   79 15941
  130 15221
  150 15641
  121 16687
  179 18048
   62 19008
  136 19735
   91 19372
  156 18655
  137 17954
   66 17708
  118 17947
  130 17703
  102 17356
  166 17055
   98 17284
  119 17980
  118 18392
  109 18385
  118 18002
  137 17597
  184 17863
  169 18797
  112 20363
  121 21697
   91 21895
  111 20831
  116 18974
  123 17431
  201 17093
   36 17524
  140 18494
  145 18772
  136 18753
   87 18554
  126 18442
  208 18809
  126 19181
   72 19942
  108 20189
   84 19526
   64 17756
  146 15722
  159 14660
  102 15066
  103 16435
   67 17464
  166 17671
   38 16772
  139 15984
   81 15299
  130 15222
  103 15381
  122 15664
  120 16288
  129 16773
  120 17456
  164 18008
   76 18544
  167 19022
  118 19185
  107 19207
  100 18952
  118 18385
   90 17669
  140 16886
  180 16821
   91 17352
  105 18410
   75 18781
  147 18379
  137 17391
   88 16786
   49 16662
  164 16599
  144 16414
  135 16515
  216 17758
   94 19644
  157 21682
   67 22200
  127 21536
   98 19721
  114 17905
  161 16975
  146 16951
   94 17968
  159 19006
  131 19754
  118 19964
  127 19839
   84 19416
  180 19056
  149 18745
  120 19100
  111 19700
   93 19986
  160 19693
  102 18728
  140 18228
  130 18163
  138 18657
  150 19294
  128 19784
  199 20558
  116 21182
   75 21689
  132 21372
   63 19973
  144 18237
  178 16853
  107 16857
  103 17848
   88 18670
  142 18773
  160 18114
   57 17579
  164 17731
  115 17985
  124 18372
   99 18329
  116 18151
  167 18085
   86 17901
   96 18037
  132 17875
   80 17490
  154 17027
  144 16794
  139 17442
  114 18476
   61 19187
  172 19230
   56 18183
  142 17309
  118 16592
   92 16535
  161 16918
  168 17452
  119 18567
  127 19616
  143 20541
  143 20822
  174 20851
   39 20634
  142 20385
  108 19464
   65 18147
   55 16492
  136 14964
  176 14307
   64 14408
  159 15787
  148 17295
  110 18671
  181 19578
  156 20240
   60 20856
  125 20878
  159 20256
  166 19478
   60 19009
  151 19226
  135 19371
   80 19114
  134 18603
  188 18212
  106 18499
  136 19219
  110 19894
   85 19906
   59 18862
  118 17111
  218 15817
  161 15912
  139 17945
   58 20284
  132 21583
  141 20900
   76 19107
  162 17824
  126 17392
  110 17932
  187 18651
   93 19278
  171 20025
  177 20581
  108 21261
  185 21936
   94 22137
  175 22282
  188 22013
   94 22001
  204 22419
  117 22610
  123 22827
  112 22157
   60 20879
  110 19100
  126 17063
  197 16193
  116 16502
  131 18201
  105 19792
   64 20143
  153 19280
  135 17768
   99 17042
  107 17030
   74 17231
   98 16924
  160 16137
  159 15867
  138 16711
  162 18581
   45 20186
  127 20668
   80 19456
  123 17663
  112 16114
  119 15554
  149 16089
   62 16705
  190 17626
   50 17738
  141 17899
  118 17583
   83 17247
  202 17338
  148 17675
  182 19273
  155 21036
   85 22705
  140 23193
  170 22399
  112 21282
  108 20327
  101 19753
  121 19124
  170 18407
  134 18107
  194 18906
  120 20321
  114 21751
  111 22070
   41 20896
  174 19057
  141 17191
  140 16836
   99 17534
   83 18543
  199 19107
  127 18874
  145 19155
  171 19906
  158 21216
  127 22294
  125 22613
  191 22570
  112 22078
  109 21705
  180 21327
   98 20860
  127 20481
  158 20024
  153 19968
   98 20084
   98 20129
  110 19711
  197 18958
   52 18215
  102 17947
  129 17716
  142 17450
  161 17446
  178 18152
  205 20157
  139 22425
  156 24449
  107 25042
  177 24538
   84 23070
  104 21438
  142 19960
  167 18949
   70 18559
  105 18451
  133 18364
  142 17981
  134 17810
  144 18148
   86 18905
   98 19273
  142 18912
  189 18316
  151 18454
  179 19827
   70 21515
   69 22221
  210 21459
  144 19898
  103 19159
   64 19080
  109 19096
   85 18004
  150 16419
   79 15266
  194 15482
  117 16666
  163 18381
   90 19729
   90 20204
  191 20012
   63 18965
   96 18290
  159 17591
   93 17298
  152 17320
   45 17226
   85 17168
  107 16282
  160 15364
   89 14923
  148 15509
  179 17068
   65 18449
  148 19529
  111 19536
   92 19104
  174 18424
  116 18023
   61 18084
  100 17887
  106 17233
   90 16048
  130 15080
   89 14783
  136 15222
   87 15779
   44 15988
   89 15463
   73 14187
  152 13151
   44 12510
  166 13188
  162 14491
  140 16387
  189 18658
   53 20348
   83 21247
  169 20401
  158 19071
   89 18154
   72 18027
  132 18202
  180 17935
  103 17656
  106 17893
  117 18423
  128 18708
   83 18271
  112 17489
  181 17079
  125 17255
   88 18035
  133 18754
  157 19136
  144 19228
  117 19380
  103 19700
  127 19784
  144 19422
  182 19127
   78 19197
  162 19903
  113 20309
  167 20450
  125 20275
  106 20159
  177 20339
  157 20411
   86 20686
  139 20716
  185 20732
   97 20542
  122 20400
  138 20199
  141 19993
   92 19593
  148 19262
  152 19124
   94 19124
  169 19433
  119 19598
  149 19981
  161 20293
   93 20587
  178 20926
   78 20692
  176 20555
   99 19961
  140 19705
  120 19481
  181 19472
  150 19946
   84 20400
   97 20772
  113 20046
  156 18886
   79 17569
  166 17276
  131 17670
  124 18533
  151 19341
   67 19577
  185 19711
   92 19196
   66 18741
  140 18007
  122 17219
  108 16801
   92 16506
   72 16494
  141 16208
  148 15878
  160 16241
   99 17342
   65 18610
  156 19108
   97 18371
   54 17196
  102 15982
   51 14833
  153 13984
   68 13244
   47 13169
  122 13274
   64 13124
  167 13241
   71 13374
  189 14710
  142 16351
  150 18373
  106 20045
  157 20939
   98 21099
   64 20163
  116 18834
  128 17192
  155 16361
  193 16710
  158 18523
   97 20791
   78 22106
  124 21666
   51 19509
   80 16868
  106 14620
  122 13456
  175 13692
  163 15201
  163 17843
   51 20147
  191 21585
  146 21498
   98 20858
   69 20061
  115 19079
  169 18116
  149 17323
  161 17879
   97 19186
  102 20504
  147 20658
  126 19803
  105 18862
   74 18125
  103 17565
  141 16791
  163 16327
   87 16572
  181 17753
   93 18938
  131 19722
  132 19716
  112 19318
  178 19193
  117 19191
  110 19705
  103 19761
  103 19336
  195 18631
   99 18062
  142 18501
  153 19286
  106 20057
  163 20466
  155 20483
  126 20763
   98 20850
  134 20728
  105 19991
  133 19013
   47 17959
   68 16869
  117 15581
  123 14341
   59 13668
   62 13512
  223 14067
  118 14815
  114 16312
  104 17843
   53 18654
   63 17931
   63 15619
  171 13511
  158 12643
  148 14076
  152 16917
   70 19533
   61 20571
  139 19492
  119 17497
  141 16129
  104 16049
  146 17102
  145 18259
   91 18971
  146 19310
   55 18909
   55 18016
  155 16506
   84 15004
   99 14341
  134 14455
  102 15236
  144 16127
  143 16952
  109 17879
  129 18637
  124 19081
  122 19129
   92 18735
  141 18337
  133 17993
   94 17857
  123 17921
  125 17902
  187 18158
  212 18980
  105 20581
   88 22255
  112 22672
   81 21313
   73 18670
   63 15870
  227 14359
  133 14343
  121 16100
   86 18226
  163 19724
  125 19965
  183 19646
  144 19892
  135 20769
  160 21923
  113 22290
  110 22009
   98 20863
  138 19595
  171 18568
   54 18075
  182 18421
  190 19022
  156 20170
  116 21433
  143 22466
  170 22942
   58 22245
   89 21016
  143 19264
  180 18004
   74 17459
  156 17962
  189 19061
   79 19995
  134 20601
  141 20459
   70 19942
  152 19108
   83 18123
  179 17740
   97 17608
  181 18331
  110 19149
   62 19656
  121 19509
  135 18341
   78 17210
   63 16095
  145 15584
  111 15210
   63 15078
  154 15273
  147 15766
  120 16703
  121 17744
  104 18589
  129 18917
  127 18625
  138 18331
  164 18462
   83 18986
  163 19715
  184 20174
   85 20511
   83 20580
  115 19974
   80 18648
   96 16819
   75 15169
   75 14061
  128 13482
  110 13377
  123 13932
  130 14995
  115 16346
  159 17588
   42 18139
   83 18048
  111 16972
  204 15984
  112 15796
  129 16974
  164 18929
  137 20424
  102 21110
   78 20615
  105 19525
   72 17720
  148 16110
  180 15368
  155 16220
   78 18121
  161 19979
  152 20864
  103 20747
   98 20181
  152 19531
  163 19177
  136 19178
   81 19574
  224 20272
  151 20871
  149 21677
  185 22637
  115 23464
  105 23741
  139 22834
  173 21618
   99 20444
  113 19952
  142 19752
  146 19556
  188 19675
  110 20123
  119 20993
  107 21264
  119 20673
  139 19465
  138 18469
   68 18134
  167 18249
   79 18173
   83 17790
  106 16979
  103 16035
  186 15681
   75 15784
  153 16959
  152 18107
  155 19322
  130 20242
  109 20760
  162 21113
   77 20603
  135 19951
  116 18941
   95 18178
   93 17498
   83 16662
  136 15986
  128 15439
  157 15855
   92 16827
  121 18060
  137 18758
  197 19087
  145 19616
   79 20449
  175 21386
   65 21208
  106 20248
   54 18286
   85 16301
  133 14619
   97 13590
  196 14129
  112 15519
  149 17857
   97 19499
   71 20006
  116 19211
  173 17763
  146 17125
  105 17516
  171 18955
   96 20047
  194 20738
   74 20598
  152 20493
   59 19889
   46 18676
  175 17097
  119 15462
  152 15445
   74 16204
  155 17770
  127 18595
   52 18550
  167 18181
   72 17330
  111 16940
   58 16141
   99 15437
  164 14823
  149 14797
  131 16057
  153 17921
   95 19748
   94 20381
  179 19964
  106 19073
  153 18778
  107 18931
  119 19377
   91 19256
  134 18617
  189 18136
   56 17917
  168 18590
  175 19229
   81 19872
  157 20288
  157 20403
  208 20973
  105 21548
   82 22261
  119 22092
  177 20961
   75 19469
  185 18648
   75 18601
  112 18920
  167 18908
   77 18427
  117 18158
  126 17714
  178 17885
  161 18345
   47 19209
  154 20058
  105 19831
  144 19188
  100 18252
  114 17881
  180 18112
  105 18387
  139 19068
   96 19321
  150 19543
   69 19040
  128 18321
   69 17356
   51 16166
   91 14857
  188 13726
  101 13643
  101 14681
  103 16250
   74 17046
  101 16731
   53 15355
  115 14128
  173 13538
   61 13921
  167 15262
   49 16350
  154 17250
   60 16982
   41 16139
  142 15061
  153 14090
  167 14594
   78 15907
   82 17830
  155 18716
   81 18257
  127 17374
   99 16569
  156 16665
  117 17058
  109 17637
   91 18034
  152 18030
   92 17747
  161 17541
  120 17727
  150 18412
  156 19354
  122 20152
  107 20709
   59 20274
  200 19469
  158 18473
   66 18326
  197 19099
   77 19741
  111 20045
  121 19269
  125 18389
  120 17746
   97 17394
   86 17359
  197 17240
  145 17493
  105 18291
  177 19580
  163 20823
   78 21538
  175 21632
  171 21447
  150 21486
  118 21768
  126 22048
   73 21631
  194 20601
  113 19403
  157 19034
  172 19641
   80 20556
  156 21294
   61 20747
  122 19745
  116 18113
  159 17148
  125 17078
  110 17724
  196 18985
  173 20058
  142 21389
  112 22378
  122 22814
   48 21886
  160 20019
  103 17898
  121 16696
  163 16713
   42 17203
  161 17903
  137 17873
  212 18388
  121 19294
   89 20730
  110 21580
  102 20800
  134 19238
   68 17313
  185 16639
  121 16730
   44 17347
   80 17489
   79 16496
   65 14795
  122 12976
  122 12275
  137 12970
   64 14419
   98 15774
  194 16504
  162 17034
   81 18003
  134 19218
   60 19743
  105 19034
  126 17344
  116 15942
  169 15798
   86 16558
  168 18038
  107 18934
   58 19218
  143 18700
   61 17402
  105 16245
  175 15354
  120 15547
   66 16422
   72 17073
  110 16913
  160 15963
   58 15114
  162 15322
  144 16222
   89 17424
   77 18064
   48 17555
  114 16265
   46 14172
  158 12885
  111 12567
   46 13386
  172 14685
  114 15526
  106 16388
  167 17057
  103 17904
  171 18871
  159 19643
  127 20577
  162 21366
  106 21766
  131 21749
  110 20927
  105 19894
  189 19034
   56 18413
  194 18678
   86 18814
   88 19033
  165 18791
  153 18400
  126 18659
  150 19241
  146 20354
  144 21089
  165 21579
  211 22134
  174 23087
  198 24615
  110 25902
  100 26197
   61 24673
  190 22006
  157 19455
   93 18302
  163 18839
  169 19920
  115 20945
  117 21226
  145 21116
  178 20852
   64 20458
  163 20333
   47 19707
  157 18984
  134 17971
   99 17385
  150 17629
   32 17684
  100 17597
  153 16500
  157 15863
  116 16135
  170 17595
  137 19512
   79 20645
  149 20854
  129 20113
   72 19175
  150 18370
  163 18003
   78 18073
  144 18464
  119 18740
  101 18756
  163 18550
  124 18425
  118 18703
   60 18747
   86 18301
   96 16907
   66 15078
  104 13662
   82 12826
  110 12874
   47 13010
   63 13036
  102 12643
  136 12243
   65 12332
  141 13177
  132 14516
   61 15681
   74 16208
  124 15856
  161 15393
   88 15226
  121 15970
   81 16776
  116 17159
  154 16948
  155 16864
   81 17457
   98 18248
  187 18811
   95 18664
   97 18476
  105 18150
  106 17739
  147 17188
   98 16685
  174 17034
  178 18021
  138 19666
  184 21457
   96 22648
  145 23190
   89 22374
  130 21015
   85 19287
   85 17726
  155 16724
  178 16356
  101 17093
  181 18587
  159 20320
  150 21754
  114 22469
  108 22391
   81 21425
  158 19831
   72 18139
  120 17006
  154 16650
  138 16997
  173 18080
   83 19194
  180 20465
  187 21135
  119 21702
  143 22214
   86 22216
   99 21595
  147 20001
  153 18576
  139 18108
  126 18703
  124 19762
  101 20177
  156 19931
   79 19112
   75 18228
  179 17497
  178 17242
   94 17831
  156 19089
   74 20103
  122 20215
  158 19344
  148 18560
  134 18666
  138 19478
  162 20620
  176 21396
  105 21914
  111 22062
  144 21675
  118 20771
  102 19664
   87 18577
   87 17589
   65 16311
  138 15055
  151 14343
  105 14721
  153 16176
  110 17744
   70 18707
   85 18393
  149 17297
  134 16258
   67 15877
   79 16108
  187 16398
   88 16430
  124 16669
  161 17255
  125 18197
   60 18864
  113 18747
   62 17732
  176 16428
   71 15381
  214 15702
  134 17016
  122 18990
  106 20524
  162 20937
  136 20748
  119 20112
  153 20066
  156 20217
  125 20677
  209 21252
  167 22062
  118 23052
  130 23679
  143 23475
  151 22609
  162 21650
   95 21171
  191 21284
   78 21228
  134 20996
  207 20544
   81 20227
   74 20214
  124 19625
  176 18884
   75 17877
   75 17377
  209 17461
  157 17857
  101 18797
  136 19820
  113 20532
   70 20233
  174 19152
  159 18185
   92 18088
  123 18728
  173 19440
  176 20031
   83 20422
  178 21076
  157 21520
  128 21821
   95 21683
  108 21041
  114 19967
   67 18311
  177 17060
   93 16258
   77 16355
  191 16835
   60 17112
  163 17612
   43 17457
  198 17666
  119 17580
   66 17746
  188 18272
   64 18211
   83 18208
   63 17007
  164 15925
  132 15037
   77 15076
  138 16089
  178 17184
  112 18328
   75 18924
  166 19273
   97 19017
  108 18518
   99 17799
  115 17221
   62 16571
  167 16042
  196 16142
   85 17044
   73 18493
   77 18977
  150 18282
  111 16693
   90 15687
   97 15590
   57 15657
  107 15337
  175 14650
   96 14577
  114 15508
  159 16941
  128 18231
  133 19070
  174 19702
  101 20277
  109 20599
   53 20047
  218 19080
   85 17879
  133 17655
   93 17940
   45 17960
  112 17247
  119 15582
  164 14793
  157 15170
  126 17115
  155 19391
   98 20815
   82 20977
  116 19821
  171 18418
  177 17795
  179 18661
   80 20497
  187 22291
  175 23043
  120 23002
  177 22884
   85 22628
  184 22562
  108 21802
  188 21404
  135 21207
  118 21449
  147 21771
   40 21104
  121 19973
   80 17845
   87 16013
   75 14449
   90 13505
  147 13314
   82 13462
  174 14584
  191 16199
  170 18606
  115 21034
  135 22754
  110 23131
  122 22064
  168 20624
   76 19379
  138 18987
  139 18802
  114 18780
  107 18651
  125 18456
  130 18331
   36 17778
  104 17056
   89 15773
  151 14781
   85 14315
   44 14493
  161 15009
   95 15053
   72 15098
   57 14730
  149 14508
  104 14200
   56 14066
  175 14560
  157 15399
  109 16832
  162 18351
  159 19837
   90 20825
   94 20894
   40 19761
  161 17926
  170 16223
  167 16095
  205 17974
   64 20633
  166 22896
  159 23218
  122 22551
  130 21588
  107 20816
  186 20570
  133 20230
  175 20626
   88 21089
  175 21700
   60 21466
  175 20722
  121 19741
   68 18921
  168 18634
   74 18028
  158 17941
   63 17387
  105 17206
  114 16679
  109 16081
  171 16064
   43 16162
   82 16714
   60 16181
  115 15019
  177 13877
   52 13598
  219 15125
  139 17068
  102 19260
  149 20554
  171 21078
   77 21086
   83 20376
   91 19259
  179 17820
   77 16642
   85 16228
  218 16680
   54 17240
   90 17865
  143 17741
  152 17587
   84 17409
  168 17708
  188 18668
  135 19891
  201 21568
  124 22883
   75 23611
  131 23000
  112 21248
  140 19342
  118 18008
  129 17861
  119 18213
  112 18545
  126 18589
  117 18290
   75 17909
   46 17096
   63 15685
  166 14068
   90 12926
   78 13031
  227 14398
   63 16057
   92 17601
   68 17815
  146 17254
  132 16221
   36 15429
  196 15756
  184 16496
   79 17970
  148 19352
  105 20159
   83 20094
  107 18863
   86 17272
  119 15959
   47 14943
  125 14528
  160 14376
  116 14919
   74 15971
   90 16785
  140 17039
  138 16630
   89 16408
   97 16608
  140 17003
  119 17175
  223 17634
  136 18694
  158 20690
  154 22560
  168 23719
   72 23713
  169 22900
  220 22130
  123 21807
   80 22170
  162 22341
  129 21883
  113 20768
  116 19664
   68 18739
  135 17986
  161 17239
  111 17028
   97 17419
  149 18143
  215 18976
  178 20006
  106 21546
  177 23207
  162 24117
  141 24140
  121 23474
  170 22829
  147 22364
   90 21880
  194 21602
  108 21153
  116 20934
  128 20459
  139 19954
  114 19458
  158 19159
  141 19360
  116 19732
   97 20028
  133 19792
   88 18985
   54 17716
  180 16612
   95 15785
  102 15829
  149 16335
   84 16962
  168 17603
  132 17929
   95 18496
   84 18673
  153 18491
  134 17994
   81 17495
  197 17799
   60 18155
  156 18792
   98 18738
  133 18591
   76 18127
   80 17381
  100 16522
  100 15268
  125 14629
  132 14536
  161 15597
   98 17038
  110 18399
  165 19117
  142 19304
  137 19558
  152 20062
  171 20941
  105 21595
  142 21899
   59 21336
   69 19930
  146 17932
   99 15992
   68 14956
  125 14700
  160 15171
  158 16069
   79 17277
  166 18724
  131 19640
   90 19912
  134 19591
  170 19147
   32 18762
  138 18385
  118 17750
  102 17096
   65 16432
   98 15802
  219 15671
  126 15994
  163 17699
   53 19417
  145 20659
  138 20354
  144 19371
  205 19193
  102 19875
   89 21206
   90 21246
  114 20035
  110 17957
  180 16562
   58 16347
  118 17010
  103 17424
  153 17368
  125 17171
  129 17405
  177 18451
  167 19692
   57 20826
   78 20948
  107 19822
   94 17699
  146 15792
  146 15113
  135 16078
  174 17965
  154 19953
   93 21330
  153 21862
  107 21452
  137 20609
  146 19745
   67 19154
   80 18627
  149 17736
  119 16827
  104 16289
  181 16708
   56 17496
  162 18380
   93 18489
   94 18224
   90 17474
  153 16700
  204 16706
  106 17446
  121 19232
  102 20398
  118 20542
  117 19448
  115 18106
  114 17354
  104 17075
  118 17116
  120 17031
  165 17213
   88 17578
  198 18493
   92 19288
   62 19736
   83 19137
  137 17614
  158 16253
   84 15615
  192 16652
  101 18025
  142 19477
  184 20275
  141 20828
  181 21718
  125 22446
  113 23057
   74 22433
   39 20574
  180 18083
  146 15938
  130 15663
   83 16694
   88 17997
   91 18143
  131 17024
  133 15915
  111 15620
   71 16205
  174 16962
  159 17514
   38 17859
   86 18000
  112 17391
  116 16302
   99 15151
  164 15030
  229 16353
   37 18290
  111 20143
  132 20462
   81 19479
   74 17689
  137 16052
  119 15347
   65 15163
  117 15450
  122 15571
   88 15634
  107 15637
  104 15627
   56 15468
   70 14896
  113 13998
   98 13157
  133 13053
   68 13616
  217 15021
  161 16691
   86 18621
  165 20360
  106 21094
  147 21156
   39 20005
  118 18779
  194 17570
   89 16932
   87 17211
  163 17692
  126 18263
  103 18405
  155 18531
  164 18936
  131 19628
   96 20282
  209 20848
  144 21129
  158 21675
  130 22249
  164 22796
   88 22739
  114 21896
   81 20402
  102 18520
   84 16745
  142 15444
  128 15100
  115 15615
   58 16474
  116 16863
  160 16710
  153 16554
  223 17623
   81 19551
  165 21905
   76 22717
   70 21862
   70 19435
   88 16449
   69 14035
  120 12472
  103 12271
  135 13008
  122 14429
   34 15618
  209 16566
   93 16759
  122 17224
  131 17657
  101 18148
  174 18614
  119 18660
  118 19140
  167 19520
   49 19697
  117 19375
   52 17994
  147 16555
  133 15307
   78 15030
  109 15644
   93 16050
  168 16454
  117 16464
  136 17150
  147 18212
  127 19307
  148 20145
  158 20518
   96 20772
  193 20999
  112 21051
  173 21309
  182 21664
  135 22307
  193 23241
  101 23665
   71 23540
  138 22155
   63 19930
  188 17979
  110 16758
  154 17229
  198 18630
   89 20229
  154 21618
  117 21767
  122 21422
  136 20433
  186 19857
  113 19920
   91 20271
  106 20359
  141 19609
  122 18536
   82 17616
  191 17571
  139 18034
  105 18960
  128 19695
  144 20035
  105 19891
   67 19145
   94 18110
  141 16849
   69 15722
   55 14912
  110 14326
   87 13757
  152 13539
  104 13818
   89 14869
   90 15840
  196 16508
  103 16860
  115 17454
  164 18416
   85 19083
   77 19176
  113 18274
   99 17038
  169 16089
   88 15868
  172 16778
  130 17985
  159 19373
  184 20599
  111 21519
  182 22518
   65 22547
   93 21955
  180 20451
   89 18858
  103 17970
   80 17316
   50 16714
   85 15344
   56 13473
   90 11940
  160 11302
  145 12166
  153 14361
  141 17145
   68 19421
  110 20217
  107 19349
  175 18045
   56 16992
  198 17221
  154 18110
  105 19339
   97 20233
   62 19933
   60 18537
  160 16228
  167 14759
  165 15113
  157 17397
   98 20151
  137 21905
   65 21637
  125 20144
  142 18256
   76 16995
  161 16795
   90 16931
  126 17474
   83 17462
  114 17240
  184 17028
  135 17190
  117 18260
   48 19050
  101 19101
  112 17728
  118 15990
  103 14975
   92 14940
  132 15596
  196 16386
   70 17260
   74 18091
  121 18282
  109 17598
   93 16453
   92 15469
   79 15039
  110 14749
   66 14322
  166 14137
  137 14468
   85 15569
  182 17127
   62 18145
  163 18876
  129 18781
  174 19048
   78 19393
  148 19880
  114 20031
  126 19569
  158 19228
  122 18996
  161 19550
   98 19968
  177 20539
   88 20466
  107 20165
   95 19335
  148 18287
  118 17498
   84 17036
  171 17343
  106 17631
  181 18407
   77 18906
  148 19567
  217 20082
   51 20318
  169 20844
   72 20522
  170 20229
   60 19069
   62 17883
  107 16605
  136 15230
  139 14801
  163 15294
  147 17231
  122 19336
  182 21067
   96 21693
   87 21483
   86 20311
  174 18821
  146 17646
   70 17336
  106 17809
  161 18124
  119 18132
  132 18047
   29 17951
   83 17574
   88 16184
  140 14496
  168 13732
  116 14579
   91 16659
  126 18280
  154 18947
  171 18952
  168 19428
  156 20774
   58 22060
  164 22504
  188 21813
  140 21060
  116 20992
  169 21530
   88 21852
   75 21185
  107 19630
  160 17869
  104 16730
  157 16756
  204 17985
  146 19860
   86 21654
  141 22468
  154 22171
  156 21285
  114 20622
  200 20816
  146 21515
  185 22558
  102 23266
  139 23507
  125 22964
  105 21659
   97 20144
  110 18559
   85 17344
  186 16583
  122 16564
   87 17277
  218 18514
  100 19496
   56 20090
  111 19608
  151 18531
  151 17477
   95 17109
  154 17911
  141 18902
  145 19817
  118 20234
   83 20194
  150 19864
  104 18986
  207 18593
  132 18788
   58 19698
  121 20272
   97 19548
  166 18336
  123 17195
  146 17484
  103 18430
   77 19129
  132 18971
  171 18114
  109 17698
  182 18236
  201 19760
  117 21586
  100 22890
  117 22920
  164 21914
   91 20280
  164 19291
  194 19281
  148 20283
   75 21500
  108 21915
   78 20959
   57 18628
  125 16040
  116 14140
  142 13867
  163 14990
  105 16913
  108 18660
  142 19487
  198 19750
  113 19863
  149 20551
   90 21145
  139 21201
  119 20388
   63 19050
  167 18058
   73 17133
  125 16890
  133 16680
  141 17004
  106 17580
  132 18178
  105 18639
  121 18559
  169 18466
   74 18281
  117 18401
  148 18339
   93 18148
  168 18079
   35 17853
  102 17711
   58 16605
  143 15289
   73 14024
   75 13454
  226 14105
   66 15009
  201 16957
  156 18693
  151 20752
  165 22292
  179 23271
  168 24104
   63 24063
   93 23475
  108 21482
   96 18918
  170 16844
  171 16265
   80 17311
  106 18771
  111 19378
  115 18810
  202 17986
   88 17761
  163 18736
   91 19665
   84 19994
  146 19275
  162 18220
  126 17987
  145 18545
  127 19714
  179 20679
  167 21343
   99 21801
  161 22196
   96 21974
   67 21068
  154 19491
   76 17760
  163 16837
  155 16718
  173 17918
   79 19431
  175 20801
  206 21654
   82 21878
  150 22207
  136 22019
  127 21697
   85 20718
   74 19437
  215 18373
   42 17334
  126 17196
   66 16845
   88 16410
  130 15541
  146 14798
  130 15272
   42 16120
  143 17206
  114 17176
  167 17021
  127 17174
  127 18139
  140 19412
  146 20169
  117 20471
  102 20175
  178 19952
   99 19556
  214 19778
  134 20336
  106 21338
  156 22030
   96 21757
   77 20770
   95 18926
  121 17231
  129 15933
  128 15629
  118 16278
   88 17151
  144 17793
  127 17857
  136 17904
   83 18029
  101 18142
   97 17745
  122 16878
  109 16081
  166 15969
  185 16968
   85 18533
  120 20093
   83 20408
  113 19574
   86 17798
  171 16452
  197 16414
   56 17484
  128 19148
  129 19802
  145 19689
   59 18778
   97 17907
  126 17119
   55 16078
  188 15551
  142 15512
  131 16795
  142 18502
  170 20154
  185 21476
  126 22282
  124 22972
  132 22926
  178 22448
  155 21789
  204 21880
   75 22515
  120 23094
  151 22655
  163 21489
  198 20825
   68 20880
  148 21750
  117 21733
   94 20891
  105 19327
  172 18036
  147 17759
  126 18307
  144 19527
  112 20393
  135 20702
  179 20475
  166 20493
  124 21061
  171 22030
  106 22601
   69 22226
  144 20922
  163 19331
   82 18261
   63 17751
  115 17385
  180 16857
  124 16540
  110 17062
   79 17977
  164 18649
  161 18675
  149 18774
  208 19865
  140 21622
  175 23608
  103 24459
   68 24028
  102 22141
  120 19448
  162 17339
   50 16159
  173 16526
  118 17164
  119 17921
   89 18214
  140 18171
   49 17732
   52 16594
   88 15070
   61 13151
  107 11838
  132 11358
  104 12189
  123 13772
  138 15543
  137 17062
   40 17800
  129 17907
  155 17369
  103 16857
  138 16982
  142 17651
   69 18455
  144 18731
  120 18404
   79 17836
  199 17604
  128 17832
  128 18785
   74 19488
  145 19777
  118 19169
  106 18237
  125 17700
   40 17150
  160 16886
  102 16168
   67 15748
  166 15687
  133 16031
  134 17008
   62 17733
  119 18275
  127 17926
  146 17332
   85 17031
  190 17484
  139 18498
  173 19815
  165 21211
  184 22612
  166 23959
  113 24631
  124 24621
   90 23330
   68 21210
   93 18514
   51 15849
  189 14185
  123 13699
  150 14973
  151 17140
   75 19133
  154 20282
  117 19972
  105 19340
   84 18374
  206 17958
  108 17906
   69 18221
  145 18613
  153 18581
   84 18393
   83 17949
  212 17921
  140 18122
   93 18871
  159 19798
  144 20472
   85 20597
  149 20160
  169 19744
  125 19690
   95 19941
  116 20030
   50 19284
  112 17781
  137 16065
  107 15067
   79 15073
  108 15543
  112 15879
  160 15977
  129 16361
  168 17507
  112 19013
  145 20362
   46 20598
  113 19742
   91 17996
   51 15947
  105 14354
  149 13405
   81 13522
   75 14116
  123 14872
  113 15224
   79 15240
  178 15450
  179 16294
  115 17885
  122 19682
  107 20728
  104 20596
  128 19420
   73 17949
  110 16836
   58 15864
  138 15204
  145 14784
   96 15063
   62 15827
  183 16560
   70 16806
  141 16864
  122 16952
  164 17529
  113 18347
  146 19176
  147 19986
   98 20246
  176 20489
   98 20197
  105 19988
   98 19297
  120 18395
  130 17476
  128 16928
  173 17395
  169 18554
  119 20197
  106 21393
   90 21475
   73 20195
  167 18257
  127 16696
   73 16287
  143 16781
  126 17370
  197 18086
  180 19049
   59 20484
  158 21781
  143 21919
  145 21381
   88 20413
  167 20006
  105 19794
  141 19628
  110 19400
  114 19061
  108 18725
   59 17897
  178 17189
  153 16633
   83 17030
   93 17759
  175 18372
  152 18647
   85 18720
  162 19203
   86 19464
  136 19507
  108 18884
  143 18349
  133 18174
   64 18157
  164 18363
  148 18220
  170 18669
   64 19221
  167 20062
  161 20460
  171 20671
  186 21357
   85 22231
   78 22893
   99 21880
  120 19707
  153 17415
  112 16343
   73 16621
   76 17013
   89 16603
  169 15595
   84 14771
  112 15072
  124 15936
  160 16959
   94 17657
   99 18032
   65 17938
  180 17391
  143 16855
  202 17366
  125 19072
   89 21077
  201 22403
  133 22282
   92 21751
  144 20986
  188 20669
   88 20451
  121 20357
  170 20320
   82 20013
   66 19400
   84 18104
  129 16575
  125 15234
   78 14711
  114 15073
  172 15862
  107 16741
   81 17445
  199 18133
   86 18529
  149 18975
  160 19293
   77 19640
   79 19605
   87 18589
  174 17326
  170 16379
  184 17211
  129 19387
   86 21619
   91 22367
  125 21070
   76 18725
  143 16740
   87 15742
  192 16044
  207 17314
  155 19488
  211 22352
   62 24416
   63 24995
  192 23345
   79 20604
  179 18677
   53 17707
  212 18336
  141 19009
  107 19839
  201 20814
   90 21238
  160 21829
  112 21371
   98 20845
   83 19681
  131 18308
  103 17083
  174 16441
  121 16857
   92 17825
  100 18610
  133 18541
  126 17952
   97 17278
  163 17336
   86 17619
  134 18118
  206 18568
   64 19013
  130 19661
  120 19694
   89 19260
  118 18238
  124 17245
  168 17058
   60 17210
  136 17877
  117 18026
  146 18012
   54 17717
  111 17356
   70 16696
   47 15400
  145 14102
   85 12979
   97 13018
   86 13459
  163 14388
  164 15419
  153 16930
  154 19043
  149 21041
  158 22543
   69 22735
  136 22069
  154 20753
  109 19587
  185 19222
   89 19378
  155 20115
  101 20243
  191 20284
   69 19938
  166 19852
  122 19816
  157 19823
   83 19863
   81 19458
   98 18667
   42 16847
   92 14951
   89 13043
   90 12137
   93 11987
   77 12378
  165 13191
   91 13988
  134 15219
  167 16540
  100 17859
  124 18942
  135 19325
  141 19464
   80 19150
  176 19035
  170 19144
  165 19877
  111 21019
  173 22145
   87 22513
   87 21783
   90 20104
   93 17902
  133 16131
   47 14822
  188 14774
   75 15057
   92 15841
  157 16398
   54 16485
  123 16539
  167 16279
  161 16849
  121 17938
   88 19291
  154 20200
  148 20095
  154 19869
   70 19681
  159 19890
   82 19644
  106 18899
   97 17738
  124 16694
  142 16304
   76 16248
  114 16702
  105 16757
  126 16714
  142 16591
  182 17128
  144 18494
   63 19939
  223 21130
   44 20993
   87 20247
  116 18684
   68 16948
  104 15493
  101 14282
  136 14207
  122 14613
  102 15682
  164 16868
   76 17639
  118 18128
  114 17902
  172 17724
   73 17614
  107 17768
  113 17803
  119 17407
  143 17085
  192 17284
  156 18630
  135 20521
  168 22341
   42 22846
  126 22094
   73 19932
  207 18009
   98 16857
   67 16991
  205 17920
   76 18314
   95 18582
   67 17782
  158 17044
  127 16214
  107 16038
   77 16524
  188 17160
   67 17539
  110 17539
  179 17552
   74 17581
  172 18121
   50 18179
   96 18192
   61 17073
  119 15594
  197 14609
   94 14663
  119 16337
   96 17783
  103 18524
   92 17843
   85 16519
  166 15641
  124 15447
  155 16479
  132 17942
  156 19584
  155 20816
  120 21430
  173 21826
   72 21594
  120 21123
  152 20085
  162 19286
  162 19305
  185 20338
  153 22114
   68 23277
  191 23557
   81 22410
  125 20978
  129 19540
  145 18777
  131 18696
  155 19042
  177 20020
   59 20668
  112 20978
   73 19930
  133 18259
  165 16704
   86 16158
  147 16965
  121 17935
  139 18866
   93 19000
  178 19077
  102 19076
   66 18959
   49 18267
  122 16723
   77 14831
  133 13474
  124 13417
  137 14552
  134 16322
  140 17916
   93 19013
  122 19322
  147 19138
  193 18998
  157 19585
  129 20912
   93 22131
  101 22156
   96 20722
  172 18742
  113 17393
  154 17471
   45 18122
  163 18716
  173 18707
   65 18450
  176 18775
   67 18854
   31 18651
  162 17350
  129 15850
  139 15358
  136 16046
  205 18104
   68 19934
   33 20716
  146 19945
   58 17675
  159 15729
   70 14428
  193 14984
  103 16174
  141 17745
  141 19028
  107 19599
  143 19978
  106 19574
  132 19340
   60 18603
  160 18057
   82 17263
  157 16934
  137 17106
  106 17729
  180 18791
   97 19404
  143 20047
   65 19762
  132 19223
  142 18257
  165 17745
  163 18339
   65 19386
  153 20557
  129 20523
   80 19802
  142 18788
  184 18269
   97 18509
  129 19149
  175 19917
   97 20293
   86 20191
  136 19538
  231 19079
   79 19021
  109 19748
  103 20187
  117 19789
  150 18722
  164 17880
  216 18659
   91 20333
  125 22265
  127 22769
  119 21931
   96 20299
  162 18866
  149 18385
  173 18879
  103 19984
  137 21019
  101 21249
  111 20518
  100 19178
  159 17950
  112 17417
  176 17778
   98 18645
  181 19750
  120 20513
  120 20869
  124 20802
   90 20092
   96 19129
   53 17474
  143 16048
  139 14941
   81 14851
  140 15647
   59 16366
   83 16615
  112 15836
   73 14742
  163 14184
  148 14482
  156 16108
   54 17844
   96 19007
  109 18673
  195 17576
  151 17097
  201 18275
   94 20571
   90 22370
   74 22261
  136 20263
   84 17691
   45 15530
  145 14542
   76 13955
  121 14055
  176 14544
   60 15568
   70 16599
   50 16458
   99 15287
  179 13730
  145 13379
  122 14943
  124 17367
  164 19565
  150 20609
  170 21113
   64 21344
  136 21382
   87 20536
   69 18890
  143 17081
  158 15895
  183 16355
  120 17897
  156 20186
  100 21617
  165 22004
   65 21167
  119 19913
  211 18979
   65 18439
  131 18784
  104 18838
   89 18678
   76 17599
   90 16120
  111 14885
   94 14000
   75 13844
  133 14000
  112 14407
  145 15154
  233 16586
  127 18706
  133 21220
  139 22875
   68 23006
  186 21888
   61 19975
  167 18869
  182 18472
  145 19237
  125 20564
  100 21420
  127 21602
  150 20602
  177 19810
  118 19657
  150 20439
   95 21123
  109 21030
   56 19752
  164 18057
  137 16726
   55 16221
  175 16730
   99 17193
  122 17787
   70 17656
  131 17405
  218 17291
   62 17462
  118 18438
  142 19010
  151 19381
   72 19072
  113 18621
  104 18100
   52 17077
  122 15953
  132 14850
   65 14491
   92 14608
  152 14973
  123 15404
  148 16178
  124 17340
  112 18594
  127 19330
  107 19267
  179 18983
  120 18797
  104 19167
  130 19507
   41 19137
  164 18281
   73 16817
  151 16150
   95 15965
  105 16394
   82 16691
   60 16170
  167 15545
  112 14789
   86 15060
  143 15812
  135 16796
  135 17690
  175 18525
  153 19701
   90 20806
  118 21352
  166 21049
  125 20239
  158 19819
  136 20007
  106 20542
  133 20752
  229 20747
  132 20943
   90 21591
  123 22094
  121 21625
  148 20412
   74 18919
  175 18334
   97 18167
  123 18440
  202 18819
  128 19369
  179 20637
   93 21591
  155 22370
  158 22169
  131 21659
  161 21417
  141 21398
   84 21586
  146 21227
   97 20299
   52 18901
  114 17306
   94 15742
   78 14578
  147 14031
  164 14490
  138 15905
   73 17624
  194 19210
   98 19800
   55 19596
   54 18410
  185 16828
  107 15478
  145 15265
  184 16604
  194 18939
   58 21221
   93 22215
  200 21867
  115 20521
   87 19500
   32 18523
  124 17562
   51 15708
  137 13953
  131 13102
   82 13579
  180 15203
   98 16605
  139 18007
   52 18357
  131 18245
  114 17394
   43 16247
  117 15427
  137 14717
  108 14794
  134 15327
  131 16435
  161 17793
  136 18980
  121 19963
  159 20610
  106 20770
   58 20350
  190 19482
   98 18433
   89 17829
   81 17316
   55 16567
  190 15673
   68 14669
  128 14863
  129 15567
   85 16563
  189 17399
  125 17831
  173 18969
  142 20118
  192 21658
  140 22807
  138 23475
  147 23681
  192 23396
  135 23167
   78 22794
  155 22355
   75 21119
  166 19797
  157 18684
  106 18616
  128 19254
  131 19739
  128 19896
  141 19548
  185 19636
  156 20275
   67 21146
   77 21380
  160 20418
  142 18824
   65 17544
   99 17071
  136 16978
  126 16841
  122 16754
  111 17017
  186 17857
  108 18719
   68 19318
  184 19456
   90 19007
  133 18666
  182 18518
  184 19301
  112 20636
  149 21980
   91 22537
  178 22099
   90 20961
  152 20034
   86 19369
   46 18639
  184 17804
   74 16496
  163 16220
  132 16488
   80 17541
  176 18518
  141 18948
  178 19711
  104 20333
  151 21316
   70 21426
  164 20816
   68 19506
  137 18278
  156 17659
  124 17659
   75 18202
  169 18586
  146 18904
   65 18819
  143 18818
  141 18602
   80 18382
   74 17831
  100 16997
  174 16199
   47 15513
  162 15742
   72 16097
   70 16416
  145 16172
  182 15837
  104 16363
  136 17584
  118 19084
   94 19669
  152 19416
   78 18486
  141 17884
  159 17640
   67 17831
   96 18009
  102 17585
  151 16981
   53 16095
  165 15950
   81 16071
   65 16263
  130 16120
   82 15422
  122 15051
   78 14673
  101 14855
  155 15072
  110 15495
  139 16391
  141 17428
  115 18586
  118 19242
  163 19477
  116 19489
   89 19378
  102 19053
   86 18173
  179 17219
   76 16424
  172 16736
  107 17484
  121 18468
  148 19066
  113 19131
  145 19316
   65 19014
  221 19160
   81 18953
   80 19042
  131 18806
  106 18081
  100 17306
  183 16693
  153 17222
  156 18598
   64 20117
  171 21072
  168 21029
   98 20584
  157 20462
   99 20340
  170 20504
  160 20333
  130 20544
  160 21119
  166 21805
  126 22422
  158 22590
  156 22604
  106 22374
   53 21630
  111 20188
  115 18151
  179 16577
  175 16453
   67 17748
  168 19682
  178 20858
   94 21239
   68 20823
  118 19893
  128 18580
  100 17128
   47 16070
  131 15492
   68 14913
   73 14269
  149 13732
  132 13794
  136 14886
  131 16464
   49 17887
  117 18316
  119 17563
  185 16793
   58 16506
  114 17142
  188 17943
  145 18523
   79 19125
   85 19327
  184 19339
  164 18905
  137 19029
  165 20017
  185 21630
  153 23127
  194 24153
  147 24770
   75 24831
  169 24202
  150 22802
   96 21383
   52 20021
  209 19121
  164 18541
   85 18643
  101 19274
  172 19759
  101 19692
  128 19164
  168 18944
  102 19107
   79 19378
   99 18951
   85 17783
   93 16161
  148 14963
  100 14628
   64 15039
   73 15383
   71 14933
  122 13897
  182 13273
  174 14218
  135 16733
  134 19749
  181 22005
  152 22934
  114 22973
   80 22389
  129 21314
  151 19869
   94 18517
  148 17999
  127 18130
  178 18907
   62 19430
  130 19742
  184 19648
  106 19369
   61 19210
  147 18840
  153 18467
   75 17897
  220 18055
  154 18864
  121 20415
  147 21753
  136 22348
  186 22413
  112 21982
  224 22265
  103 22591
  122 23104
  173 23025
   79 22136
  109 21047
  114 19480
   78 18155
  160 17019
  126 16495
  137 16953
   97 17748
  158 18699
  109 19091
  152 19204
  130 19316
  102 19419
   46 19194
  165 18359
  138 17310
   69 16599
  162 16818
   69 17141
  117 17469
   74 16893
   68 15980
   72 14708
  154 13619
  209 13713
   50 14848
  106 16989
  161 18420
   82 18702
  155 18294
  146 17946
  111 18419
   84 18873
   55 18643
  128 17513
   91 15743
  113 14617
  134 14405
  112 15154
  102 16234
  114 16909
   44 16887
  126 16228
  144 15392
  117 15148
   91 15670
  110 16513
  116 17067
  125 17002
  178 17103
  154 17816
  192 19570
   72 21328
  146 22493
  158 22362
  186 21752
  173 21646
   85 22122
  163 22975
   66 22541
   72 21057
   68 18407
  174 16043
  109 14703
   80 14684
  151 15761
  110 16702
  171 17659
   94 18117
   66 18545
   95 18247
  159 17318
  112 16370
  131 16159
  139 17026
  116 18164
  155 19128
   64 19284
  158 19200
  109 18641
   68 18068
   98 17304
   98 16270
   91 15346
   76 14367
  232 14419
  187 15560
   77 17928
   77 20222
  111 20923
  135 19849
   58 17626
  191 16324
   96 16087
  115 16956
  194 18037
   88 18827
   68 19363
  129 18962
  157 18255
   82 17355
  165 17255
  123 17778
   98 18512
  112 18842
   70 18316
  157 17519
   76 16461
   79 15927
   55 15254
  163 14695
   81 14138
  127 14175
  233 15408
   71 17178
  162 19448
  172 20848
   98 21641
   55 21291
   67 19813
  206 18017
   95 16257
   79 15916
  156 16468
  135 17348
  130 18130
  148 18632
   60 19099
  154 19274
   79 18679
  154 17980
   82 17227
   70 16832
  125 16474
  105 15757
  141 15531
   86 15505
  154 16343
  104 17071
   88 17573
  111 17545
  172 17254
  127 17321
  160 18022
  159 19417
   63 20573
  108 20905
  190 20160
  117 19208
  109 18807
  180 19208
  130 19935
  180 20762
  101 21277
  209 21977
  108 22281
  175 22621
  113 22572
  179 22430
  159 22388
  174 22483
  166 23162
  125 23691
   82 23831
  120 22724
   83 20690
  163 18560
  150 17312
  115 17451
  166 18642
   96 19736
  104 20279
  161 19884
  152 19375
  175 19479
  160 20402
  157 21981
   88 23011
  145 23099
  119 22037
  119 20567
  171 19554
  125 19227
  125 19676
  148 20144
  107 20376
  113 20115
  105 19386
  119 18540
  167 17901
   68 17614
  200 18108
   61 18477
  170 19089
   60 18940
  159 18660
   62 17994
  144 17312
  122 16994
   97 16750
  139 17149
  140 17395
  109 18017
  116 18322
  106 18492
   45 17945
  108 16828
   89 15286
   98 14062
  115 13541
   84 13725
  171 14589
  124 15591
   73 16771
  107 17481
   84 17347
  186 16868
  124 16436
  137 17177
  186 18715
  127 20381
  143 21706
  177 22249
  168 22670
  145 22991
  160 23415
  128 23630
  184 23563
  134 23210
  109 22785
  188 22430
  113 21945
  132 21622
   68 20849
  118 19891
  159 18626
  140 17735
  173 18079
   73 19022
  153 20273
  156 20590
  161 20585
  116 20621
  143 20956
  180 21507
   47 21369
  161 21023
  166 20209
  144 19922
  115 20090
  172 20693
   94 21164
   87 20852
  118 19860
  120 18382
  180 17520
  134 17540
  226 19095
  127 21140
  106 23038
  155 23719
  139 23058
  165 22103
  124 21248
  218 21559
   89 22063
  126 22607
  117 22246
   67 20896
  142 19205
  203 17790
  176 18036
  104 19502
   95 21341
  116 21912
  133 20866
   90 19026
  118 17575
   74 16755
   48 16068
  105 15015
  130 13818
  148 13487
  105 14274
  143 16082
  179 18006
   95 19407
  171 20411
  139 20852
   83 21018
   43 20298
  146 18810
   56 16730
  145 15093
   60 14233
   73 14132
   56 13932
  122 13279
  129 12783
   44 12624
   71 13214
   71 13286
  183 13255
  123 13286
  147 14603
  149 16890
   22 18758
   73 19172
   91 17409
   74 14910
   75 12674
  154 11868
  223 12910
  142 15399
  101 18703
  115 21167
  126 21865
  162 21020
   83 19612
  111 18805
   71 18138
   65 17151
  178 15885
  116 14936
  149 15481
  229 17305
   87 19738
   42 21461
  105 21247
  108 19315
   93 16656
  101 14737
  219 14665
   84 15800
   57 17435
  157 18333
  103 18096
   66 17278
  129 16291
  182 16075
  100 16500
  168 17739
  135 19144
  122 20325
  128 20825
  193 20860
  163 21034
   79 21388
  161 21923
  130 21735
  156 21286
  173 20877
  173 21265
  181 22474
   58 23413
  153 23701
  118 22511
  100 20792
  157 19245
  166 18576
  226 19478
  150 21218
  113 23412
  188 24783
  166 24963
  106 24328
  128 23294
  106 22175
  120 20856
  162 19552
   78 18606
  184 18542
  128 18868
  192 19848
   77 20634
   80 21026
  137 20497
  139 19066
  142 18071
   86 17642
  152 18266
   97 18609
   81 18479
  109 17691
  132 16737
  110 16201
  166 16337
  105 17153
  155 18343
  121 19285
   95 19691
  183 19735
  105 19432
  128 19490
  174 19614
   73 19819
   66 19611
   45 18266
  148 16372
  122 14421
   60 13603
  184 14290
   76 15401
  165 16864
   74 17478
  117 17877
   69 17532
  165 16887
  147 16560
  128 16859
   82 17968
  180 18937
  161 19625
  118 19975
   78 20285
  149 20250
   62 19468
   64 17902
  190 16398
  194 15840
  137 17043
  122 19268
  164 21541
   89 22394
  142 21928
  106 20590
  155 19514
  124 18972
  194 19252
  101 19980
   75 20558
  181 20676
  141 20025
  140 19719
  100 19658
   97 19899
  109 19483
  123 18382
  188 17567
  166 17743
   92 19133
   88 20469
  173 20855
   68 19932
  156 18783
  150 18090
  181 18586
  145 19867
  183 21529
