  230   920
  118  3232
  192  7934
  102 13482
   88 18208
   80 20216
  148 19458
  135 17912
  111 16802
  140 17211
  180 18261
   70 19316
  166 20009
   95 19989
   78 19474
  122 18447
  146 17342
  117 16862
  165 17161
   96 18155
  167 19253
   81 19742
   43 19358
  151 18200
   46 16351
   80 14850
  149 13715
  118 13673
  146 14624
   33 15754
  104 16696
  108 16350
  143 15612
   68 15008
  187 15396
  174 16754
   86 18361
  143 19911
  106 20412
  152 20358
   69 19402
  101 18484
  129 17528
   60 16537
   65 15629
  192 14841
  124 14812
  185 15991
  150 18110
   57 20258
  117 21228
  148 20475
  114 19076
  120 17930
  123 17757
  158 18225
  118 18731
  115 19182
  155 19464
   84 19426
  120 19191
  186 18802
  155 18901
   74 19469
   71 19871
  163 19576
  100 18343
   88 17144
  162 16614
  115 16829
   78 17357
  156 17675
  100 17692
  111 17612
  126 17463
  194 17745
  104 18364
   68 19112
  169 19571
  115 19202
  137 18807
   78 18321
  137 18289
   81 17943
  138 17434
   88 16824
  153 16584
   83 16723
  141 17050
  127 17439
   85 17593
   74 17540
   71 16672
  114 15499
   90 14108
  111 13517
  134 13786
   80 14642
  161 15786
  133 16696
  136 17752
   62 18441
   96 18576
  136 17913
   75 16641
  172 16000
  200 16341
  110 18002
   89 19874
  173 21049
  185 21325
  151 21279
  162 21831
  100 22636
  184 23243
  110 22847
  150 22115
  117 21276
  123 20690
  180 20409
  125 20171
   99 20362
  149 20376
  207 20540
  145 20849
   66 21388
  101 21620
  121 20727
  129 19026
  160 17596
  111 17355
  114 18185
  167 19138
  131 19673
  152 20037
   49 20060
  122 19830
  157 18926
   86 17847
  132 17339
   92 17161
  116 17376
  104 17105
   82 16614
  202 16424
   50 16382
  161 17150
   68 17470
  120 17651
  115 17224
   60 16408
  144 15996
  134 15586
   83 15950
  102 16277
  101 16515
   93 16292
  111 15693
   63 15070
  158 14841
   88 14840
  109 15303
  121 15801
   73 16112
  218 16621
  167 17277
   92 18831
  125 20358
  121 21087
  179 20909
   51 19838
  222 19515
  115 19496
  116 20107
  118 20448
   49 19877
  149 18866
  165 17372
  108 16983
  114 17411
  107 18277
  113 18653
  169 18364
   85 17983
  128 18043
  210 18564
  108 19353
  164 20453
   95 21145
  157 21576
  136 21177
  154 20711
  233 20984
  143 21955
  186 23866
  163 25281
  165 26160
   88 25810
   86 24378
  158 22314
   57 19755
  107 17803
  129 16353
   97 15787
  159 15935
  141 16586
   99 17738
  121 18638
   95 18908
  123 18472
  193 17924
  137 18086
  210 19498
  133 21444
   41 22929
   95 22676
  107 20488
  152 17849
  144 16092
  206 16681
  100 18677
  109 20829
  148 21764
   76 21061
  121 19688
   95 18018
   91 16894
  122 16061
  108 15627
  102 15607
  189 16053
  126 17041
  159 18535
  119 19956
  145 21027
  126 21290
  134 20951
  102 20385
   72 19463
   87 18291
  219 17110
   43 16333
   81 16383
  127 16519
  144 16480
   72 16214
  180 16307
  137 17139
  132 18335
  178 19737
  111 20694
   64 21124
  133 20488
  184 19422
   86 18409
   68 18041
   88 17740
  114 16929
  149 15852
  141 15396
  207 16581
  124 18807
  121 21185
  149 22425
  142 22404
  145 21802
   72 20906
  196 20508
  184 20319
   96 20692
  186 21533
  140 22220
  125 22694
  183 22560
  144 22373
  108 22283
   57 21712
  143 20623
  170 19024
  152 18129
  128 18546
   99 19671
  139 20583
   79 20173
  158 19185
   96 18051
   82 17461
   86 16961
  169 16433
  135 16224
  195 16949
   94 18595
   95 20237
  122 20783
  158 20044
  126 19047
  172 18758
   63 19269
  187 20026
  165 20405
   92 20547
  165 20833
  127 20899
  159 21142
  139 20998
   66 20863
  115 20340
  134 19221
  164 18268
   42 17531
   92 17392
  169 17185
   35 16466
  109 15805
  158 15243
  206 15841
  117 17283
   62 19151
  193 20638
  150 20846
   61 20437
  157 19809
   86 19193
  107 18596
  103 17572
  178 16982
  153 17142
   91 18068
   69 19082
  154 19176
   56 18207
  115 16795
   93 15557
  165 15220
   98 15553
   75 16197
  215 17145
  115 17786
  182 19066
   84 20057
  135 21029
  124 20981
   99 20058
  182 19252
  154 18825
   92 19459
  148 20156
   86 20347
  104 19746
  146 18572
   91 17548
  120 17102
  123 17001
  103 17170
   97 17115
  146 17028
  148 17129
  139 17661
   87 18509
  106 19092
   94 18807
  151 17906
  129 17075
  215 17418
  120 18865
   76 20609
  203 21747
   66 21403
  165 20718
  165 19872
  144 20027
  140 20734
  111 21334
  172 21755
  136 21408
   87 21054
   86 20298
  204 19526
   97 18760
  138 18606
   97 18824
  179 19302
   70 19323
  197 19310
  239 19884
   51 20932
  174 22552
   80 22793
  171 22335
   74 20617
  125 19230
  147 18390
  103 17923
   95 17988
   99 17581
  148 17352
   87 16802
   97 16567
  171 16620
   77 16802
   50 16923
  116 16448
  184 15871
   94 15589
  125 16237
   85 17248
  133 17937
   99 17755
   39 16831
  110 15784
  133 14716
  156 14507
  170 15354
  157 17525
  135 20114
  157 22058
   71 22597
   77 21667
   98 19608
   65 17052
   71 14719
  144 13202
  124 12946
  140 13930
  176 15903
  153 18283
  108 20356
  113 21429
  129 21322
  143 20395
  126 19456
  153 19167
  116 19431
   73 19668
   96 19221
   78 17817
  120 16151
  165 15036
  138 15277
  162 16901
   80 18798
  121 20116
   98 19921
   91 18703
   87 17090
  165 15921
   96 15598
  117 16019
  184 17043
  122 18154
  146 19423
   73 20056
  135 20207
   67 19213
   56 17575
   89 15625
  123 13893
  164 13374
   91 13924
  163 15796
  114 17610
   57 18708
  112 18550
   91 17286
  115 15989
  103 14983
  150 15058
   77 15627
   89 16289
   81 16334
  165 15894
  131 15619
  142 16182
  194 17868
  146 19927
  171 22021
  101 23109
  210 23669
  115 23361
  115 22884
  158 22264
  153 21594
  127 21260
  106 20854
  160 20756
  124 20376
  115 20051
  181 19891
   65 19749
  187 19959
  192 20145
  110 20786
  163 21741
  104 22265
  148 22362
   95 21342
  116 20184
   97 18886
  125 17822
  155 17319
  148 17386
   55 18051
  105 18497
  174 18386
  143 17950
  110 18006
  121 18636
  140 19417
  101 19541
   55 18869
  153 17833
  109 16758
   60 16069
   58 15438
   77 14559
   61 13253
  141 12014
  128 11739
  164 13015
  153 15509
  129 18279
  170 20546
   64 21435
  124 21302
  134 20095
  173 19073
  162 18876
  105 19617
  146 20880
   60 21101
  115 20337
  132 18604
  103 17136
  173 16736
  129 17237
  143 18614
   81 19569
  101 19838
  154 19190
  130 18222
  111 17857
  113 17961
   85 18196
  111 17869
  107 17003
   86 16086
  156 15672
   68 15631
  192 16293
   94 16955
   43 17594
   94 17442
  155 16463
  114 15564
  120 15307
  199 16523
  108 18208
  119 19878
  119 20536
  116 20293
  163 19608
  134 19052
  106 19164
  105 19363
  130 19332
  153 18900
  157 18658
  162 19257
  192 20692
  104 22244
  100 23099
  124 22613
  109 21034
  158 19348
  185 18529
  168 19280
  196 21219
  101 23231
  198 24660
  107 24662
  158 24016
   64 22649
  118 21109
  203 19784
   81 18713
   86 18605
  146 18479
  134 18444
  141 18247
  184 18599
   73 19479
  118 20304
  119 20213
  108 19265
  185 18333
   43 17747
  222 18309
   98 18776
   27 19186
  184 18917
  101 17894
  117 17336
   73 16681
  212 17078
   66 17361
   71 17677
  175 17765
  128 17472
  148 17805
  138 18378
   92 19441
  145 20009
  160 19988
  138 19853
  127 19960
   60 20132
  171 19992
   86 19014
  119 18091
  140 17463
  139 17525
  189 18397
   78 19303
  100 20238
  132 20102
   41 18957
  120 17277
   70 15407
  122 14402
  114 13956
   81 14211
  105 14790
  152 15271
  129 15965
   86 16610
  171 17560
  144 18385
  186 19441
  157 20667
  142 22118
  151 23276
  175 23720
  121 23587
  107 22950
  175 22271
  147 21534
  127 21154
  143 21088
  155 21286
  146 21478
   61 21254
  199 20949
  131 20358
   95 20064
  102 19745
  127 19224
  122 18537
  135 17784
  179 17915
  198 18995
   68 20640
  188 22176
  199 22917
   64 22971
  128 22597
  223 21978
  151 21730
   92 21786
  142 22121
  150 22084
  152 21587
  142 21061
  164 21092
   55 21264
   96 20962
  170 19779
   60 18100
  161 17160
  101 16791
  206 17597
   80 18453
  134 19478
  154 20087
  131 20143
  155 20324
  156 20427
  104 20987
   84 20986
   94 20217
   71 18415
  112 16326
   91 14627
  211 14318
   91 15167
   95 16888
  103 18123
   67 18050
  125 17018
  104 15494
  110 14904
   89 14883
   97 15283
  169 15682
  111 16031
  148 16971
  159 18192
  132 19589
  152 20718
  140 21313
  167 21750
  150 21955
   60 21943
  129 21444
  124 20174
  134 18852
  117 17916
   63 17576
   87 17346
  158 16673
  127 16053
  141 16167
   51 16916
  195 18006
   66 18237
  109 18050
  118 17475
  115 16950
  200 17131
  152 17795
   93 19415
  181 20872
  164 21848
  126 22179
  161 22232
  133 22293
   91 22094
  112 21267
  196 20241
   96 19345
   75 19015
  227 19195
  153 19563
   80 20253
  141 20817
   68 20695
  103 19634
  151 17903
  159 16873
  123 17086
  145 18379
  201 20114
  126 21412
  179 22564
  169 23325
  170 24038
  130 24412
  101 24188
   92 23147
  110 21146
   72 18756
  108 16574
  105 15149
   48 14372
  181 14303
  126 14606
  152 15851
   84 17305
   88 18490
  188 18881
   76 18298
  123 17988
  121 17672
   67 17587
  159 17323
   50 16587
  145 16286
  166 16143
  170 17022
  158 18715
   89 20502
  141 21867
  139 21715
  157 21041
  133 20365
  106 20266
  139 20442
   94 20077
  135 19426
  201 18869
   99 18979
  150 19878
   94 20517
   86 20481
   75 19169
   60 17013
  102 14865
  154 13360
   87 13214
  120 14165
   82 15391
  144 16324
  117 16598
  181 17027
  167 18109
   94 19617
  181 21223
   90 21695
  102 21392
  160 20279
  194 19538
  110 19617
  152 20484
  110 21404
  150 21640
  105 21056
   85 19976
  143 18953
  115 17985
  182 17821
   70 17956
   55 18367
  163 18175
   94 17206
  153 16567
  158 16624
  128 17914
  146 19483
  142 20620
  172 21371
  184 21828
  193 22780
  137 23958
  121 24871
  177 24991
  161 24245
  150 23450
  205 23254
  175 23843
   89 24580
  158 24778
  143 24003
   87 22559
   97 20840
  157 19346
  156 18471
  140 18440
  138 19291
  163 20491
  129 21423
   89 21603
   89 20883
  142 19543
   67 17900
  126 16643
  201 16270
   56 16701
  196 18017
  155 19225
  122 20508
  167 21380
   83 21636
  161 21609
  139 20840
  151 20491
  177 20550
   53 20878
  133 21142
   91 20176
   55 18544
  162 16700
   56 15212
  201 15159
  141 15837
  106 17552
  100 19009
  125 19542
   82 19071
  152 17882
  109 17106
  127 16990
  158 17586
  122 18383
   97 19110
   51 18985
  215 18508
   79 17527
   53 17021
  167 16844
  124 16748
  175 17226
  121 17923
   98 19246
  143 20066
   76 19850
  165 19124
   65 17955
  120 17433
   92 16862
  141 16496
  131 16415
   77 16522
  133 17093
  139 17325
   67 17442
  181 17478
  162 17804
  131 18770
   80 19753
   82 20100
   94 19207
  170 17522
   87 16189
  210 16338
   55 17425
  119 18778
  142 19175
  101 18684
  113 18104
  142 17566
  118 17738
   96 17824
  107 17905
  103 17541
  169 17173
  150 17211
  182 18277
   75 19781
   79 20855
  102 20408
  138 18679
  191 17232
  113 17007
  135 18434
   95 19809
  151 20445
   86 19802
  166 18960
  137 18549
   73 18591
  147 18912
  164 18889
   77 18877
  158 18897
  124 19024
  104 19147
  170 19174
  111 19153
  155 19484
   99 19651
  168 20009
  178 20241
  135 20743
   90 21395
   97 21386
  102 20472
  170 18841
  160 17771
  151 18122
   58 19337
  117 20233
  146 19874
  131 18755
  185 18287
   89 18695
   68 19608
  135 19611
  110 18571
   77 17122
   66 15809
  149 15151
  106 14767
  157 15129
  158 16261
  181 18229
  101 20293
   76 21453
  132 21284
  142 19898
  183 18803
  153 18759
  164 20219
  133 21991
  106 22982
  144 22758
  121 21549
   98 20238
   87 18954
  177 18114
  166 17813
   99 18280
   78 19104
   35 19048
   99 17637
  168 15375
  116 13972
  124 14446
  122 16161
  153 18039
  144 19150
  145 19809
  140 20414
  187 21153
  117 21823
  132 22221
  116 22056
   92 21212
  141 19969
   88 18505
  207 17933
  115 18018
   91 18925
   95 19470
  117 19091
  161 18222
  177 17600
  127 18348
   60 19568
  129 20332
  198 19985
  164 19440
  172 19975
  200 21814
  167 24129
  114 25622
  178 25895
  106 24948
  208 23828
  122 22825
  119 22450
  127 22148
  108 21393
  149 20445
   73 19114
  107 18290
   79 17254
  210 16711
  125 16644
  156 17743
   93 19342
   62 20205
  147 19837
   85 18081
  130 16725
   93 15860
   64 15800
  107 15622
  129 15119
   64 14675
  150 14632
  133 15192
  150 16323
  160 17806
   82 19196
  174 20336
   72 20347
   92 19756
  120 18420
   39 16830
  176 15722
   49 14707
  119 14730
  102 14763
  158 15264
  189 16262
  108 17657
  167 19796
  155 21296
  148 22375
  156 22654
  167 22788
  177 23141
  123 23438
  172 23799
  103 23543
  170 23055
   47 21886
  178 20743
   80 19397
   69 18195
  104 17068
   88 15724
   94 14792
   44 13710
  192 13571
  193 14112
   61 15776
   78 17715
   47 18319
   79 17170
  159 14790
   92 13110
  174 13513
   76 15139
  189 17403
  145 18903
  151 20093
  186 21281
  131 22243
  124 23115
  169 23094
   58 22409
  152 21241
  116 19811
   93 18698
  239 18349
   66 18543
   93 19417
  120 19490
  122 18948
  107 17853
  177 17174
  229 18016
  119 19815
  187 22419
  178 24354
  135 25380
   77 25059
  171 23824
  132 22166
   93 20609
  151 19711
  157 19324
  116 19512
   47 19461
  205 19349
  181 19060
  149 19544
  136 20813
   76 21980
  154 22301
   98 21003
  151 19555
  105 18414
  166 18395
  156 19013
   68 19600
   95 19877
  143 19189
  163 18373
  178 18097
   77 18847
  146 20177
  190 21018
  142 21339
  130 21534
  156 21871
   82 22024
  141 21506
   83 20212
  196 19111
   70 18317
   69 18074
  195 17977
   63 17456
   88 17169
   94 16417
   65 15709
   60 14487
   63 12976
  170 12078
  101 11927
  117 13217
  185 15247
  143 17486
   95 19379
  129 20316
  156 20516
  133 20154
   68 19647
  121 19146
  150 18515
   72 17775
  106 17177
  106 16630
   50 16043
  129 15292
  146 14674
  115 14855
   58 15558
  140 16427
  126 16757
   68 16564
  119 16317
   52 15794
  112 15299
  126 14568
  129 14414
  144 15145
  119 16521
  120 18078
  103 18811
   64 18619
  192 17889
  105 17125
  127 17250
  121 17828
  122 18529
  147 18945
   66 18695
  178 18644
  129 18417
  120 18730
  112 19032
   82 19012
   66 18344
  104 16771
  168 15426
  217 15272
  148 17050
   91 19895
  117 22070
   74 22097
  108 20228
  154 17810
   92 16329
  155 16371
   99 17082
  143 18055
  160 18671
  138 19263
  128 19991
  166 20655
  150 21307
   71 21390
  153 21152
  166 20515
  111 20013
  178 20064
  123 20488
  116 21085
  134 21099
  114 20577
  103 19702
  126 18745
  171 18291
  121 18298
  156 19059
  148 20066
  129 20962
  126 21369
  150 21254
  163 21056
  122 20920
   66 20812
   77 20082
  188 18794
  146 17536
  118 17392
  160 18482
   64 19687
  109 20068
  113 19026
   54 17367
   89 15711
  118 14430
  208 14284
  145 15277
   63 17372
  137 19338
   90 19815
  137 19097
  186 18031
  135 18062
   58 18981
  107 19627
  111 19145
  139 17779
   76 16512
  102 16021
  168 16207
   44 16343
  144 16591
  100 16420
  157 16654
  118 16976
  208 17993
  144 19560
  111 21126
  142 22285
   46 21865
  167 20684
  150 18924
  143 18274
   71 18450
   57 18731
   92 18084
   89 16099
  176 14467
  100 13894
  147 15191
   69 16818
  175 18144
  105 18479
  193 18719
  177 19524
  171 21042
  159 23036
   91 24128
  112 24132
   90 22360
  114 20007
  105 17675
   60 16085
  101 15213
   55 14336
  160 13813
  197 13910
  141 15448
   99 17988
  152 20286
  150 21455
  100 21225
  115 20473
  101 19507
  112 18587
  107 17577
  154 16952
  102 16848
  109 17261
  135 17744
  141 18036
  174 18519
   88 19087
  135 19895
  147 20209
   86 19972
  107 19299
  164 18530
  153 18304
  117 18613
  115 19357
   94 19754
  144 19487
  106 18611
  118 17867
  155 17669
   79 17824
  116 18091
   91 17767
  120 17226
  139 16616
  114 16469
  146 17069
   69 17667
  168 18308
  147 18448
  136 18816
  145 19519
   90 20143
   59 20175
   90 18839
   97 16769
  124 14821
  135 14053
  114 14669
   90 15935
   65 16737
  135 16660
   93 15804
  149 15323
   51 15275
  115 15710
   83 15730
  129 15392
  203 15460
   95 16208
  125 18006
  174 19518
  106 20450
  111 20501
   70 19755
  135 18752
  137 17526
  153 17023
  125 17474
  168 18751
  173 20352
  160 21693
  165 22876
   91 23447
   50 23051
   59 21002
  111 17854
  129 14854
  161 13568
  176 14643
   45 16916
  166 19147
   74 19664
  106 18993
  131 17668
  103 16675
  212 16873
  129 17715
  100 19406
  134 20514
   66 20537
  167 19656
  123 18283
  210 18187
   70 18863
  178 20320
   91 21075
  140 20965
  149 20377
  146 19780
  129 19977
  149 20311
  113 20799
  110 20640
   85 19935
   95 18631
  142 17272
  114 16294
   74 16036
  191 16457
   55 16901
  110 17297
  117 17107
  140 16864
  148 16926
   89 17313
  161 18324
   84 18750
   84 18771
  150 18056
  189 17547
   97 17803
  114 18689
  121 19555
   91 19484
  145 18732
   93 17670
  101 17123
   66 16606
   72 15880
  101 14715
  177 13827
  159 14198
   60 15689
  132 17671
  123 18653
  135 18687
  109 18162
   60 17709
  140 17433
  102 16783
  134 16385
  147 16383
   79 17006
  150 17903
  114 18255
  100 18336
  118 17999
  144 17743
  114 17696
   68 17618
  129 17558
  174 17322
  141 17481
  226 18694
  165 20843
  104 23253
   77 24329
  146 23531
  182 21589
   60 19629
  160 18976
  171 19089
   41 19434
  143 19429
   50 18463
  173 17523
   67 16285
  129 15924
   75 15856
  139 15971
  169 16380
  129 16906
  150 18370
  196 19972
  102 21533
   51 22007
  126 21239
  109 19329
  192 17644
   62 16797
  145 17397
  174 18390
  140 19350
  136 20224
  105 20688
  125 20973
   76 20151
  149 18995
  194 18060
   48 17896
  178 18717
   93 19190
  169 19607
  174 19675
  170 20331
  176 21804
  155 23297
  145 24589
  114 24585
  199 24057
  103 22986
  133 22216
  102 21410
   80 20347
   91 18821
   98 16893
  132 15524
  123 14898
  114 15414
  124 16402
  119 17346
  170 18106
  141 18722
  107 19486
   91 19959
  100 19660
   72 18369
   81 16461
  167 14981
  152 14608
   88 15573
  142 17220
  192 18807
   51 19653
  128 19872
  102 19267
   82 18228
   92 16844
   81 15445
  149 14704
   60 14259
  156 14737
  103 15296
  109 16135
  165 16952
  117 17591
  111 18397
   91 18624
   99 18436
   89 17416
  121 16236
  159 15612
  185 16140
  111 17790
   75 19554
   71 20144
  140 19134
  138 17348
   85 16091
  150 16191
   72 16784
  119 17324
   80 16952
  161 16468
  187 16496
  108 17407
  160 19244
  176 20872
  147 22191
  163 22855
   81 22967
   99 22469
  106 20929
  185 19210
  183 18265
  102 18768
  124 20288
   86 21056
  139 20671
  157 19349
  126 18489
  100 18543
  137 19008
   53 18981
  199 18478
  172 18049
   98 18531
  181 19897
   54 20821
  148 21104
  181 20236
  103 19584
  107 19446
   67 19227
  157 18835
   96 17600
  155 16952
  188 17263
  105 18524
  121 20135
  165 20951
  154 21238
  165 21261
  187 21803
  128 22764
  175 23754
   94 23958
  223 23738
  158 23231
   68 22993
  144 22779
  161 21988
  149 21215
   61 20267
  107 19743
  139 18953
  152 18116
  105 17664
  178 18093
   76 18962
  147 19691
  201 19986
  135 20268
   80 20865
   74 20919
  186 20355
  107 18913
  153 18157
  181 18499
  127 19817
  101 21151
   90 21306
  122 20418
   65 18515
  101 16687
  216 15682
  131 15969
  153 17762
  132 19866
  141 21564
  141 22084
   89 21534
  163 20788
   90 19789
  106 19120
  147 18423
  154 18113
   89 18250
  188 18834
  161 19741
  114 20657
  140 21409
  153 21669
  102 21478
  140 20882
  193 20498
   79 20314
   99 20358
  130 19951
  147 19207
  102 18387
  131 18060
  137 18283
  150 18739
   39 18934
  165 18824
  117 18268
  183 18092
  111 18419
  125 19318
  160 20308
   80 20422
  153 20235
  131 19489
  128 19258
   92 19045
  207 19208
  109 19451
  145 19974
  149 20611
  119 20993
   88 20932
  133 20136
  137 19217
   82 18236
  127 17774
   60 17218
  115 16658
  163 16011
  119 15891
  160 16800
   68 17971
  109 18943
  168 18861
  153 18496
   90 18494
  126 18923
  121 19341
  101 19048
  166 18522
  165 18333
  208 19352
   55 20816
  168 22267
   90 22279
  132 21271
  137 19808
   64 18503
  112 17881
   92 16944
  116 16254
  157 15673
  109 15928
  145 17001
  148 18239
  166 19561
  173 20705
  175 21961
  112 23110
  136 23665
  103 23182
  184 22039
  151 20934
  148 20722
  158 21385
  114 22097
   80 22184
  154 21225
   80 19664
   97 18124
  148 17050
  203 16969
   70 17700
  160 19053
   78 19917
  110 19842
  124 18825
  158 17740
  204 17856
  136 19048
   75 20946
  173 22032
  102 21797
  142 20783
  121 19650
   78 18987
  109 18462
   97 17514
   54 16337
   81 14892
   55 13516
  144 12540
  170 12418
   37 13362
   59 14757
   87 15220
  160 14781
   72 13845
  146 13953
  152 15157
  120 16873
   99 18328
  114 18844
  164 18901
   58 18336
  174 18142
  134 18049
  117 18492
  156 19130
  137 19691
  110 20220
  175 20397
  101 20445
  138 20377
  138 20188
  109 19944
   89 19483
   86 18586
  174 17713
  129 16996
   69 17057
   93 17350
  107 17225
   73 16371
   75 15016
  137 14042
  172 13996
  146 15172
  170 17421
  196 20159
  111 22475
   90 23580
   95 22941
  195 21298
   82 19401
   71 18240
  159 17764
  186 17744
  127 18292
  164 19420
   75 20712
   77 21105
  124 20031
   67 17850
   96 15824
  157 14640
  212 15107
   91 16699
   66 18729
  173 20005
   82 19701
  115 18675
  124 17499
  165 17283
  156 17883
  127 19021
  104 20217
  105 20565
   91 19919
   80 18267
  112 16496
  128 15268
  105 14951
   77 15247
  172 15909
  116 16499
  112 17192
  179 18035
   59 18673
   83 18911
   48 17829
   87 15971
   93 13727
   90 12176
  174 12190
   97 13278
  105 15239
  136 16766
  131 17709
  110 18082
   92 18030
  166 18081
   58 17766
  148 17633
  144 17440
  172 17876
   97 18750
  225 20102
   52 21137
  147 21591
   62 20880
   54 19118
  171 17125
   75 15196
  157 14946
  134 15467
  149 17175
  202 19005
   68 20458
  101 21401
   67 20648
  100 18870
  159 16631
   98 15232
  143 15550
  140 16691
  167 18369
  187 19889
  211 21643
  109 23468
  130 24747
   77 24552
  126 22797
  138 20302
  191 18613
  126 18550
   78 19496
  147 20454
  171 20446
  102 20006
  124 19639
   62 19324
  173 18933
   75 17961
  120 17219
  100 16713
  161 16722
   87 16975
   86 17092
  183 17405
  132 17546
   80 18066
   81 18237
  141 18084
  113 17332
  184 16931
  163 17549
  114 19161
  136 20902
  148 21713
   86 21458
  147 20555
  101 19516
  114 18719
  105 18023
   98 17404
  105 16830
  166 16453
  116 16633
  138 17393
   95 18316
  169 19075
  126 19345
  190 19731
   67 20180
  161 20723
   94 20644
  131 19973
   78 18924
   55 17560
  174 16545
  149 15715
   88 16059
  210 17305
   41 18701
  168 19794
  109 19642
   52 18934
   87 17705
  169 16335
  212 16057
   93 16772
  166 19064
  187 21254
  146 22825
  100 23309
  189 23153
   88 22556
   92 21552
  116 20152
  157 18738
  154 18029
  102 18121
  127 18976
  127 19512
  129 19604
   78 19019
  121 18307
  144 17697
   67 17166
  194 17203
  125 17519
   41 18165
  202 18663
   96 18566
   97 18464
  148 18139
  184 18370
   97 18900
   57 19310
  160 19422
  110 18587
  121 17804
  173 17497
  123 18098
   90 19087
  107 19477
   74 18879
  167 17690
  131 16711
  163 16971
  170 18352
   77 20049
  104 21077
  148 20662
  177 19797
  166 19372
  167 20270
  181 22132
  124 23761
   69 24228
  122 23114
  174 21130
   65 19153
  110 18004
  100 17346
   86 16794
   66 15836
   79 14599
  157 13776
   60 13347
  209 14201
  161 15758
  134 18182
  143 20488
   42 21514
   83 21014
  147 18825
  123 16739
  179 15944
   99 16741
  195 18774
   62 20170
  157 20870
   66 20233
  183 19302
  148 18663
   46 18403
  164 18823
  107 18582
  118 18447
  156 18015
  157 18322
   88 19030
  151 19728
  138 20096
  151 20109
   58 19889
  159 19641
  199 19439
  110 19523
  184 20444
  140 21504
   96 22445
  126 22267
   76 21006
  156 19426
  139 18024
   83 17584
  155 17841
  114 18217
  101 18511
  146 18389
  141 18354
   91 18443
  143 18629
  131 18786
   84 18689
  136 18464
  135 18139
  104 17977
   80 17778
   67 17286
   41 16026
  176 14470
  157 13527
  206 14568
  146 17410
  166 21037
  168 23816
   98 24727
  148 24314
  144 22908
   95 21578
   75 20180
   99 18729
  113 17189
  165 16039
   67 15684
  132 16256
  149 17062
  109 17725
   82 18004
   63 17622
  117 16810
  110 15490
  172 14904
  216 15752
  100 18005
  173 20889
   80 22494
  182 22845
   67 21638
   77 20044
  232 18824
  156 18275
   82 19098
  184 20305
  101 21311
   62 21144
  142 19873
  159 18430
  134 17744
   86 17924
  162 18762
  191 19518
  103 20161
  130 20789
  124 21027
  127 20860
  156 20233
  157 19826
  100 19968
  136 20363
   95 20337
  116 19662
   60 18336
  174 17178
   65 16250
  140 16081
  118 16317
  122 16802
  140 17478
  108 17887
  130 18452
  161 18702
   97 19028
  144 19293
  152 19523
  120 19782
  136 19995
   51 19777
  124 19164
   93 17755
   98 16366
  147 15487
   57 15207
  178 15821
  120 16388
  141 17452
  117 18373
   84 18978
  187 19277
  144 19056
  179 19630
  161 20703
   76 22033
   68 22342
  151 21060
  120 19001
  159 17496
   66 17166
  173 17929
  145 18687
  117 19267
  168 19846
  101 20195
  158 20705
   79 20392
  152 20009
  165 19449
  135 19387
  129 19949
   95 20356
   77 20253
  145 19120
  134 17780
  109 17022
  111 17113
  111 17568
   89 17654
   77 17029
  125 16110
  210 15684
  169 16508
  133 18679
  185 21388
   47 23024
  144 23091
   86 21304
  141 19277
  137 17781
  124 17412
  171 18219
   64 18926
  204 19866
  167 20207
  142 20970
  183 22034
  183 23240
  167 24497
  131 25032
  177 25269
  163 24898
  173 24544
   55 23946
  104 22972
  140 21272
  101 19159
  156 17731
  157 17424
  169 18606
  146 20243
  135 21780
  126 22530
  123 22290
  159 21549
   82 20491
  176 19932
   67 19372
  177 19233
  123 19018
  145 19193
  203 19943
  146 20960
   62 22120
  156 22317
  163 21749
  138 20787
  147 20397
  142 20742
  103 21253
  102 21079
  127 20163
   81 18711
   82 17311
  124 16158
   66 15228
  189 15001
  171 15563
  189 17523
  195 20401
  106 23195
  167 25068
   44 24693
   96 22854
  127 19869
  143 17416
  177 16586
  101 17213
  174 19109
  102 20404
  155 21129
  150 21009
   99 20676
  124 20442
  153 19987
   68 19469
  115 18701
  151 17997
  149 17685
  117 17962
  154 18821
   97 19664
  138 20037
  139 19848
  174 19665
   59 19639
  110 19657
  166 19331
   65 18443
   89 17602
  122 16684
  154 16313
  168 16512
  155 17717
   77 19421
  107 20553
  107 20289
  167 19051
  161 18086
  115 18300
  214 19796
  118 21334
   81 22361
   61 21809
  110 19960
   64 17241
   95 14704
  203 13663
  109 14132
   97 15983
  137 17733
  110 18700
  133 18752
  111 18287
  137 18148
   90 18066
  129 18099
  128 17935
   80 17610
  127 17403
  150 17200
  159 17536
   94 18180
  113 19025
  111 19303
  142 18921
  151 18404
  194 18612
   93 19666
  139 20991
  176 21761
   57 21496
  137 20750
   46 19220
  153 17878
  146 16606
   47 16080
  154 16409
   80 16531
  137 16845
  141 16712
   81 16936
   71 17157
   74 16661
  112 15660
  115 14311
  127 13883
  157 14662
  167 16471
  122 18617
  100 20210
   66 20533
  132 19555
  141 17913
  145 16898
  230 17549
   56 19229
  134 21174
  123 21623
  106 20819
  100 19261
  117 17796
  165 17292
  159 17452
  132 18601
   73 19703
  129 20257
  119 19672
  147 18634
   52 17683
   82 17104
  107 16385
   75 15215
  112 14198
  120 13665
  168 14362
  132 15769
  101 17563
  111 18876
  100 19101
  109 18421
  123 17304
  186 16900
  185 17668
   99 19390
  118 21160
  146 21872
  135 21460
   59 20233
  132 19026
   75 17791
  114 16714
  197 16124
  169 16607
  108 18359
  139 20346
  186 21834
   46 21902
  102 21053
   97 19328
  101 17453
  125 15919
  173 15421
  143 16351
  137 18106
  142 20016
  136 21142
  114 21387
  163 21057
  173 20783
  212 21265
   66 22203
  133 23098
  147 22911
  165 21938
  158 21081
  183 21159
  148 22311
  116 23332
  166 23771
   77 22972
  162 21829
   98 20377
  121 19380
  111 18606
  154 18194
  140 18267
   46 18304
   83 18243
  125 17261
  163 16217
   82 15587
   74 15873
  113 16369
   84 16177
   75 15344
  152 14472
  183 14615
  144 16019
  138 18325
  162 20629
  145 22128
  138 22629
  111 22329
  102 21538
  108 20335
  107 18861
   46 17248
  114 15834
  162 14910
   76 14668
  174 15477
  100 16638
  134 18008
  125 18710
   53 18678
  119 18103
   90 16811
  124 15849
  100 15119
   69 15043
  164 15371
  135 15739
  103 16534
   97 17269
  183 18058
  116 18505
  163 19038
  179 19943
  113 21042
  115 21928
  205 22137
  155 22082
   98 22024
   89 21912
  159 21341
   82 20020
  102 18520
  108 17268
  130 16581
  103 16363
  109 16376
  177 16853
   89 17379
  151 18259
  150 18928
  107 19528
   92 19707
  169 19474
  142 19185
  153 19225
  184 20075
  115 21251
  107 22195
  101 21967
   79 20574
  144 18601
  163 17122
   92 16835
  174 17726
   42 18609
  161 19120
   81 18469
  169 17849
   69 17337
  114 17243
  209 17654
   61 17819
   69 18296
  190 18172
  110 17979
  127 17867
   82 17897
  135 18192
  149 18146
  156 18199
  181 18954
   81 20066
   39 20890
  202 20432
   99 18931
  142 17879
  137 17742
  112 18547
  120 19285
  152 19389
  197 19624
  172 20265
  138 21801
   81 23038
   79 22972
  155 21362
  131 19077
  135 17729
  150 17820
  146 18982
  183 20425
  141 21551
  148 22490
   53 22593
  143 21914
   76 20098
  134 18162
   98 16688
  186 16381
   92 16993
   98 17862
  206 18790
   77 19044
  118 19368
  125 19101
  165 19030
   91 18793
   95 18648
  158 18605
  129 18340
   89 18275
  115 18110
  132 18018
  154 17941
  123 18077
  162 18777
  147 19790
   76 20572
  112 20619
  150 19801
  143 18896
  139 18525
   79 18779
  138 19237
   98 19009
  115 18321
  111 17443
  155 17066
  132 17359
  101 17969
   93 18531
  163 18598
   46 18054
  163 17479
  180 17259
  163 18058
  145 19737
   93 21327
  200 22482
  112 22285
  169 21999
   95 21471
  159 21326
   85 20873
   77 19851
  154 18670
  123 17412
  184 17361
  180 18270
  195 20539
   86 22736
  181 24238
  175 24464
  119 23855
  153 23264
   91 22489
  124 21746
  167 20570
   86 19543
  116 18934
   63 18275
  113 17514
  177 16534
   65 15945
   87 16137
  150 16440
  157 16876
  192 17603
  149 19084
  187 21437
   73 23181
  139 23774
  163 22853
  109 21364
  110 20262
  143 19550
  170 19493
  147 19684
  133 20385
  130 21143
   68 21266
   85 20332
   99 18345
   88 16166
  167 14835
   43 14424
  103 14922
   75 15048
   50 14543
  132 13594
  127 12825
   45 13013
  185 13926
   62 14961
   92 15785
   72 15721
  167 15407
  220 15593
   49 16537
  183 18730
  117 20199
   84 20868
  148 20205
  121 19093
  217 18897
   58 19066
  113 19955
  139 20030
  147 19568
   92 18890
   82 18213
  181 18121
  122 17899
  115 18160
   68 18264
  137 18283
  111 17723
  165 17189
  134 17324
  112 18181
  195 19559
   51 20201
  164 20512
  146 20039
  148 19876
  181 20215
   68 20747
  121 21313
  155 20780
  110 19899
   84 18842
  132 18134
  163 17911
  185 18191
  180 19453
  176 21559
   78 23504
  106 24165
  124 22931
  146 20730
  119 18884
   80 18000
  170 18085
   62 17982
  156 17946
  220 18025
   98 18832
  113 20226
   76 20804
   75 20173
  156 18218
   76 16191
  113 15279
  117 15226
  181 16080
  130 17147
  118 18449
   64 19415
  151 19481
   92 18593
  109 17393
  157 16780
  136 16951
  107 17834
  135 18636
  152 19298
  153 19674
  159 20220
  159 21062
   54 21672
  164 21735
   46 20503
  132 18841
  136 17185
   61 16210
   90 15928
   88 15403
  141 15076
   78 14506
  150 14798
  172 15750
   59 17020
  159 18337
   89 18681
  123 18639
  166 18189
  145 18218
   30 18589
  167 18848
   48 18299
  107 17111
   94 15667
   74 14563
  210 14463
   96 14912
  169 16709
   84 18246
  101 19447
  145 19416
  160 18723
  165 18712
  109 19292
   77 20320
  186 20616
   74 19913
   86 18831
  201 17973
  130 17815
   62 18283
   85 18482
   91 17970
  203 16910
   71 15999
  216 16689
   65 18012
  167 19707
  157 20522
  104 20604
  199 20921
  111 20949
  185 21740
  109 21922
  160 22265
  189 22316
   65 22103
  122 21892
  141 20908
  126 19930
   83 18808
  109 18057
  105 17467
  159 16976
  171 17075
  112 17902
  166 19484
   57 20505
  142 20695
  110 19624
  153 18552
  133 18062
  168 18526
  220 20061
  113 21698
   75 23103
  159 23154
  134 22049
  181 20747
  126 20119
  125 20610
  163 21339
   88 21429
  184 21170
   86 20402
   60 19767
  157 18825
  104 17636
  129 16961
   81 16560
  140 16899
  156 17240
  110 17676
  216 18699
  112 19843
  115 21236
  103 21580
  152 21053
  149 20057
  137 19380
  159 19758
  120 20450
   93 21007
  113 20593
   73 19280
   70 17438
   75 15425
   74 13671
  168 12718
   70 12629
  132 13712
   78 14881
   76 15662
  141 15682
   77 15102
   80 14817
  142 14645
  108 14912
  160 15573
   96 16473
  151 17744
  165 18802
   29 19299
  125 19235
   96 18105
  114 16896
   46 15509
  138 14777
  149 14675
  128 15206
  144 16595
  170 18268
   76 19820
   84 20311
   80 19444
   93 17528
   97 15434
   98 13973
  111 13619
  119 14030
  104 14870
  217 16058
  105 17430
  125 19106
  137 20286
   97 20577
  110 19998
   64 18554
  104 17143
   83 15563
  112 14529
  200 14393
  120 15346
  136 17422
  103 19231
  196 20512
  193 21079
  103 21602
  150 22467
  131 22812
   61 22310
  102 20606
  113 18430
   54 16408
  123 14994
   73 14125
  130 13955
  145 14276
  108 15200
  212 16846
   39 18267
  190 19748
  132 20140
   96 20212
  146 19998
   77 19359
  210 19232
  152 19017
  109 19836
  172 20884
  167 21826
  152 22544
  153 22793
  111 22995
  112 22667
   48 21356
   94 19220
  143 16799
   68 14997
  205 14783
  164 15862
   87 17989
   72 19609
  152 19985
  122 19159
   86 17846
  101 17065
  185 16918
   47 17017
  135 17249
  124 17237
   74 17092
   99 16753
  110 16083
  124 15702
   62 15276
  115 15288
  112 15193
   56 15001
  162 14954
  107 14968
  142 15729
  148 16811
  147 18264
  114 19556
   94 20122
  173 20182
  184 19868
  115 20084
  105 20684
  106 21003
  115 20432
  117 19030
  123 17720
  169 17332
   62 17609
  184 18432
  157 19043
  176 19981
   90 20930
  109 21580
  136 21444
  109 20218
  146 19078
  182 18525
   83 19005
  149 19880
  184 20544
  114 20901
  162 21242
  125 21459
  122 21619
  188 21445
   65 20978
  173 20724
  104 20182
  101 19777
  142 19136
  153 18628
   76 18517
  143 18507
  124 18607
  158 18659
   81 18699
  182 19032
  120 19376
  101 19640
  175 19864
  208 20142
   74 20835
   82 21308
   55 20769
  201 19169
  119 17271
  171 16841
  230 18421
   87 20918
  166 23331
  108 23840
  156 23355
  150 22052
  167 21303
  170 21524
  110 22099
  172 22896
   88 22678
  174 22171
   86 21074
  136 20224
  150 19590
   98 19136
   80 18888
   58 17956
   93 16628
   92 14712
  210 13755
  100 14130
  138 16094
  155 18385
   59 19734
   87 19749
  138 18421
  129 17113
   88 16245
   83 16150
  104 16193
   59 15667
  155 14971
  161 14637
  141 15560
  140 17501
  119 19480
  104 20611
  100 20298
   77 18991
   96 17226
  124 15728
   45 14674
  137 14294
  141 14354
  166 15251
   71 16549
   76 17755
  211 18430
   56 18063
  140 17895
  134 17705
  106 18026
  115 18217
  113 18034
  191 18171
  115 18345
  109 19161
  202 20010
  151 20786
  144 21645
   83 22028
  175 22167
  117 21491
   67 20400
  120 19201
  115 17910
  118 17055
  216 16870
  123 17803
  157 19698
   96 21282
  152 22021
  211 21864
  163 21725
  200 22728
  179 24309
  171 26128
  200 27152
  124 27272
   90 26548
  118 24793
  116 22369
  165 20046
  171 18820
  155 19291
  131 20739
  122 22035
   80 22132
  138 21005
   87 19193
  159 17817
  107 17165
   90 17257
   89 17373
  141 17077
  197 16974
   91 17270
  119 18483
  124 19424
   60 19448
   85 18273
  142 16553
  222 15828
   72 16324
  134 18132
  158 19757
  162 20700
  135 21032
  149 21226
  127 21653
  143 21765
   76 21333
  153 20434
  130 19429
   30 18454
  155 17711
  155 16976
  106 16908
  124 17323
   76 17904
  178 18353
   46 17895
  202 17740
   89 17558
   95 17926
  131 18179
  144 18007
  171 18257
  151 18773
  113 20140
   57 20840
  175 20709
   65 19288
  187 18086
   73 17370
  143 17668
  164 18276
   53 18548
   98 18627
   75 17568
  162 16575
   63 15313
  102 14961
  169 15275
   98 15883
  125 16853
  156 17607
  114 18485
  176 19255
  101 19806
  209 20605
  151 21289
  128 22189
  172 22931
  180 23317
   57 23315
  124 22567
  172 21417
   66 19926
   66 18586
   94 17155
   85 15714
   50 14074
  147 12963
   73 12522
   79 12863
   85 13328
  130 13641
  130 13988
   86 14519
  113 15483
   96 16095
  101 16311
  144 16104
  118 16061
   68 16363
  155 16816
  134 17133
  141 17567
  147 18294
  163 19459
  146 20728
  126 21605
  114 21911
  125 21427
  111 20445
  101 19215
  105 18087
  129 17271
   98 16770
  145 16716
  184 17239
   82 18160
  146 19319
  156 20030
  111 20327
  155 20336
  155 20361
  123 20675
   60 20615
  103 19978
   97 18407
   98 16532
  142 15266
  139 15106
  154 16251
  123 17876
   99 19302
   97 19727
  110 19068
   47 17567
  105 15877
  141 14604
  119 14236
  108 14863
   43 15690
  113 16137
  107 15550
  162 14978
  178 15327
   38 16665
   80 18145
   89 18029
   99 16594
  128 14759
  117 13959
  166 14828
  117 16440
   99 18143
   74 18775
  144 18418
  122 17476
  110 16771
   34 16461
   87 16056
  135 15206
   80 14085
  167 13907
   93 14582
  145 16204
   65 17278
  125 17713
   84 17228
   69 16198
   64 15053
  131 13860
  144 13435
  100 13785
   98 15055
  181 16514
   89 17593
   98 18145
  200 18439
  147 18844
  140 19783
  138 20828
  194 21972
  158 22700
   79 22981
  156 22874
  142 22101
   44 20904
  174 19594
  151 18571
  101 18370
   53 18349
  181 18363
  107 17939
   50 17284
  190 17024
  105 16883
  109 17349
   66 17416
  169 17481
  139 17288
   83 17280
  106 17630
  186 17941
  132 18411
  137 18975
  171 19975
  146 21075
  172 22115
  116 22606
  139 22779
  128 22339
   93 21425
  174 20418
   52 19247
  119 18519
  153 17750
  153 17524
  114 17909
  122 18689
  179 19729
  117 20205
  150 20640
  110 20697
  142 20732
  150 20527
   87 20099
   78 19544
   75 18357
   79 16694
  166 14991
  166 14376
   78 15284
  123 17067
  127 18409
   49 18489
  155 17675
   58 16423
  185 15970
  107 15997
  183 17124
  132 18632
   71 19877
   71 20237
  157 19092
  117 17628
  104 16497
  167 16684
  101 17479
  156 18586
  115 19164
  187 19772
   94 20124
   77 20270
  112 19770
   54 18190
  181 16665
   87 15350
  120 15494
   76 16009
  128 16538
  139 16651
  146 16679
  181 17655
  107 19016
  134 20627
  182 21444
   81 21480
  202 21357
  155 21244
  177 21918
  154 22823
  110 23596
   55 23428
  156 21911
  105 19736
  123 17856
   73 16873
   84 16472
  174 16281
  152 16177
  180 17191
  161 19097
   99 21380
  140 22711
  160 22613
  141 21844
  119 21087
  132 20808
  171 20809
  147 20856
  171 21262
   49 21532
  154 21583
  138 20772
  131 19765
   98 19039
  147 18832
  137 19030
  100 18999
  126 19006
  110 18682
  181 18627
  156 18811
  123 19645
   94 20544
  115 20783
  167 20233
  130 19289
  171 19196
  119 19816
  105 20716
  169 21076
   95 20607
  129 20000
  122 19274
  152 19010
   54 18667
   72 18093
  149 17167
  159 16206
  151 16301
  134 17499
  166 19575
  122 21175
   61 21599
  102 20669
   87 18687
  131 16702
  215 15727
   89 16290
   89 17981
   86 19044
  151 18924
  115 17769
  120 16914
  134 17062
  154 17842
   99 18747
  166 19369
   76 19547
   71 19198
   60 17940
   85 15922
  138 14024
  119 12999
  128 13671
   85 15089
  142 16655
  150 17537
  181 18287
  115 19280
  141 20534
   59 21139
  159 20727
   93 19352
   98 17930
  115 17002
   69 16301
   87 15792
  153 15092
  122 14957
  118 15488
   95 16503
  171 17587
  153 18344
  173 19279
  182 20699
  149 22400
   95 23689
  139 23748
  168 22814
  134 21561
  135 20905
  183 21031
  121 21534
   77 21729
  167 21351
  119 20396
   53 19278
   88 18020
   66 16478
  182 15151
  147 14503
  142 15539
  126 17627
   55 19386
  161 19974
  113 18994
  114 18033
  137 17527
  130 17785
  194 18668
   78 19401
  134 20250
  147 20407
   62 19960
  111 19029
  115 17694
  119 16799
  160 16420
  154 17045
  140 18471
  103 19883
  125 20711
  169 20635
  114 20117
  151 19937
  165 20189
   54 20514
  148 20512
   67 19516
  130 18289
   97 16884
  170 16338
  134 16707
  159 17879
   39 19138
   73 19324
  101 18151
  105 15967
  133 14388
  141 14120
  127 15458
  146 17282
  127 18880
  164 19931
  139 20522
  127 20957
   48 20823
  156 20112
   60 18564
   99 16917
   90 15483
  102 14587
  141 14428
  127 14740
   72 15684
   72 16267
  148 16394
  102 15859
  174 15791
  155 16626
  137 18430
  101 20159
  132 20965
   97 20591
   87 19275
  138 17924
   55 16626
  165 16086
   52 15626
  161 15822
  180 16314
   97 17330
  154 18859
  148 19959
  106 20777
  131 20670
   87 20067
  174 19385
   79 18573
  127 18260
  143 18084
  121 18148
  176 18653
   88 19080
   96 19635
   84 19201
   92 18001
  164 16540
  147 15772
   76 16312
  166 17559
  191 18922
  143 20136
   88 21082
  165 21749
  106 21610
  136 20866
  114 19871
  197 19450
  136 19739
  199 20835
  112 22142
   87 22895
  124 22567
  102 20865
  133 19017
   79 17368
  118 16744
   90 16333
  109 16060
  170 15981
  156 16440
  137 17866
  171 19696
  119 21314
  101 21987
   71 21319
  174 19910
  217 18754
   88 18729
   74 19744
   94 20221
  106 19378
  146 17511
  105 16034
  150 16084
  163 17235
   85 18654
  135 19603
  157 19816
  165 19945
  122 20168
  103 20610
   60 20521
  177 19646
  130 18343
  150 17785
   52 18015
  223 18928
  141 19617
  112 20197
  157 20865
   78 20992
  140 20822
  133 19717
  212 19318
  146 19698
  115 21076
  180 22544
  104 22940
   88 22430
  148 21004
  190 19867
  142 19540
  127 20206
  112 21182
   85 21319
  131 20368
  126 18749
  160 17764
   97 17694
  119 18355
   51 18524
   84 17723
  123 16155
   74 14501
  183 14064
   64 14431
  100 15629
  136 16369
   65 16452
  159 16347
  111 16093
  152 16749
   88 17423
   82 18021
  124 17921
  184 17377
  159 17492
  117 18448
  144 20141
  181 21475
  175 22272
  132 22706
  168 23250
  131 23584
  225 23831
  150 23898
   98 24107
  109 23950
   87 22675
  190 20830
  150 19067
  162 19012
  199 20409
  105 22293
  142 23641
  127 23489
  139 22576
  141 21324
   90 20334
  152 19863
  104 19309
  127 18977
   75 18353
  132 17805
  128 17269
  135 17028
  123 17381
  101 17910
  109 18373
   95 18069
   79 17236
  123 16162
  186 15672
  146 16236
   91 17721
  100 19199
  137 19714
  119 19120
  155 18341
  118 18136
   79 18487
  148 18795
  137 18600
   89 18249
   59 17733
   83 16966
  152 15883
  140 15008
  130 15289
  162 16789
  126 18765
   35 19914
  144 19730
  112 18381
  131 17112
  181 16796
  141 17750
  116 19467
   64 20449
  144 20387
  128 19123
   88 17829
  175 17344
   71 17388
  111 17847
   43 17405
  156 16591
   86 15422
  100 14795
  143 15015
  110 15575
  161 16723
   85 17478
  188 18555
   60 18954
  122 19138
  143 18735
   94 18071
   72 17543
  134 16856
  237 16936
  106 17541
  147 19343
  108 20960
   71 21507
   82 20303
  102 17867
  224 16151
  133 15860
  146 17695
  122 19983
   91 21434
   51 20984
  105 18840
  117 16387
  116 14655
   83 14276
   71 14583
  167 15118
  132 15462
  187 16467
  185 18311
  130 20816
  171 23074
  135 24078
  186 24276
   65 23498
  182 22780
  182 22026
  105 21635
   90 21522
  175 21178
   64 20438
  136 19311
  126 18283
   83 17608
  155 17441
  154 17519
   89 18053
  103 18460
   93 18470
  140 17888
  109 17011
   84 16501
  112 16362
   83 16159
  136 15930
  169 15824
  119 16502
   69 17619
  133 18460
  120 18437
   87 17694
   77 16767
  102 15938
   99 15212
   56 14410
  155 14000
  151 14147
   53 14991
   66 15856
  166 16181
  167 16189
   63 16311
   83 16908
  103 17195
  104 16701
   55 15438
  215 14687
   96 14876
  112 16204
   76 17396
  126 17825
  107 17363
   76 16330
  149 15863
  114 15694
   35 15965
  109 15847
   94 15189
  102 14392
  146 13996
   82 14371
  152 15507
  157 16732
  139 18106
  169 19475
   57 20447
  110 20781
  146 19878
   50 18353
  123 16941
   75 15739
   88 15101
  133 14543
  124 14466
  161 15258
  155 16717
  150 18815
   87 20394
  103 20998
   93 20198
  119 18528
  122 16955
  122 16186
  179 16657
  155 17921
  174 19830
  154 21663
  184 23280
   88 24023
   83 23651
  133 22146
  105 19897
  186 18287
  118 17697
  212 18873
  132 20589
  135 22313
   77 22890
   58 21829
  157 19787
  110 17298
  140 16202
  161 16457
   72 17712
  194 19094
   58 19460
   78 19228
  106 17999
  125 16582
  118 15604
  144 15439
  170 16634
  145 18300
   87 19955
  134 20755
  109 20445
   56 19220
  110 17592
   49 15773
  130 14442
  118 13582
  129 13832
  195 15222
  105 17186
   83 19143
  103 19755
   77 18980
  133 17318
  110 15766
  136 15424
   83 15845
   63 16403
  153 16468
   59 15747
   64 15005
  138 14286
   75 13879
   81 13769
   45 13458
  125 13227
  169 13059
  141 13788
  140 15734
  106 18022
   65 19561
  161 19533
  104 18390
  114 17411
   82 16874
  186 17045
  166 17587
  156 18722
  101 20280
  104 21330
  124 21307
   96 19920
  187 18606
  153 18069
   64 18683
  118 19439
   78 19192
  101 17991
  117 16271
  192 15545
   99 16041
  148 17614
   81 19014
  159 19651
  182 19667
  112 19640
  139 20266
  127 20767
  106 20958
  109 20199
   88 18974
  105 17670
  100 16461
  215 16113
  143 16719
  151 18597
  144 20790
  129 22303
  132 22667
  169 22070
   76 21265
   73 20287
   71 18851
  195 17211
  189 16262
   72 16783
  161 18690
  174 20439
  141 21570
  163 21965
  134 22255
  113 22490
  108 22044
  230 21396
  192 21089
  107 21866
  126 23165
   57 23355
  103 21910
  112 19023
  144 16616
  133 15702
  152 16479
  168 18288
  128 20010
  116 21246
  124 21469
  195 21204
   37 20440
   69 19579
  125 18207
   80 16437
   81 14840
  160 13969
  123 14356
   30 15171
  188 16157
  113 16565
  155 17170
  136 17960
   93 18979
  177 19888
  154 20160
  168 20714
  138 21310
  143 22259
   86 22543
  186 22101
  165 21352
  124 20994
  103 21176
  119 21164
   94 20459
   57 18750
  138 16958
  139 15602
  118 15431
  167 16379
  107 17829
  168 19379
  148 20332
  136 21006
  182 21557
   50 21679
  100 21358
   41 19570
   83 17060
   62 14143
  137 12139
   64 11494
  134 12084
  172 13629
  176 15662
  126 18149
  158 20440
  123 22036
   93 22230
   70 21127
   73 18961
  131 16660
  149 15010
  125 14858
  218 16391
  152 18906
  159 21657
   72 23247
  129 23372
  111 21912
   60 19567
  135 17540
   71 15880
  188 15518
  156 15896
   88 17276
   68 18573
  156 18971
   96 18344
   85 17136
  149 16456
  156 16485
  127 17327
  115 18384
  173 19518
   62 19950
   58 19557
   92 18049
   74 15863
  155 14101
   73 13188
  164 13937
   86 15167
  167 16738
  202 18151
  152 19688
  174 21768
  136 23388
   82 24209
  135 23406
   67 21370
   67 18841
  181 16677
   89 15449
  176 15756
  130 16912
   85 18499
   78 19189
   48 18322
  157 16656
   85 14684
  160 14258
  150 15105
  110 16944
  107 18641
  151 19379
  124 19471
  113 19103
  158 19050
  197 19454
   58 20103
   84 20511
  115 19905
   73 18244
   66 16116
  126 14333
   61 13382
   57 12951
   43 12450
   71 11569
  147 10761
   45 10420
  109 11188
  104 12264
   87 13368
   67 13847
  137 13942
  183 14398
   55 15165
  217 16898
  135 18534
   97 20102
  177 20982
  144 21212
   97 21246
   59 20515
  159 19596
  197 18494
  138 18307
  151 19458
  209 21417
  139 23300
  174 24484
  145 24833
  148 24733
  184 24368
  140 23901
  197 23884
   66 23685
  167 23537
  233 23000
  122 22701
  178 23264
   65 23620
   66 23319
  108 21142
   67 17990
  109 15240
   89 13504
  109 13321
  206 14093
  170 15844
  167 18551
  180 21485
  155 23968
   60 24872
  176 24255
  105 22461
  106 20578
  109 19060
  226 18496
   79 18667
   76 19189
  159 19527
   92 18963
   98 18123
  132 17117
  138 16872
   82 16947
  140 17326
  202 17908
  173 18940
  106 20524
  155 22079
  197 23084
  155 23403
   81 23292
   77 22657
  157 21384
   96 19426
  105 17728
  175 16989
   64 17100
   79 17466
   97 17048
  179 16386
   72 15742
   93 15815
  138 16295
   58 16376
  158 16343
   73 15828
   76 15699
   57 15163
  166 14580
  198 14473
   53 15213
  131 17100
  188 18654
   72 19491
   97 19378
  184 18911
   70 18456
  156 18294
  160 18396
   76 18801
  141 19212
   46 18866
  132 18105
   80 16584
  104 15478
  127 14885
  146 15062
  175 16299
  103 17784
  149 19577
  156 20644
  143 21211
  166 21483
   58 21428
   68 20945
  117 19340
  102 17171
  109 15359
  117 14630
   92 15003
  112 15624
  138 16106
  165 16639
  128 17519
  152 18909
   97 20086
   75 20388
   81 19398
   76 17349
   77 15089
  144 13465
  110 13078
  101 13839
  107 15076
  163 16258
  144 17209
  175 18361
  199 20097
  120 22008
  150 23624
  106 23924
  108 23055
  122 21265
  199 19752
  117 19168
  108 19561
  102 20115
  136 19982
  182 19431
  153 19137
  204 20194
   68 21671
  122 22850
  130 22412
   79 20727
  144 18898
  118 17503
  171 17488
  146 18154
  131 19482
  145 20696
  144 21363
  118 21510
  147 21162
  112 20699
   97 20096
  105 19258
   88 18101
   89 16810
   45 15352
  156 14308
  122 13740
   72 14056
   83 14781
   65 15053
  152 14855
  138 14373
  121 14860
  142 16275
   91 17862
  133 18892
  153 18959
  111 18816
   70 18607
   86 18146
  217 17611
  121 17177
   63 17576
  133 18309
   79 18413
  143 17838
   71 16612
   61 15774
   76 14924
  155 14156
   94 13679
  146 14052
   64 15161
  171 16484
  152 17451
   67 18021
  103 18404
   56 17845
  148 16912
   97 15452
  133 14985
  115 15404
   55 16159
  201 16943
  112 17092
  133 17762
   96 18343
  144 18982
   95 18983
  126 18462
  180 18240
  124 18376
   75 19086
  187 19639
  192 20089
   94 20513
  176 21304
  150 22031
  138 22547
   86 22274
  166 21632
  225 21130
  132 21232
  194 22507
  105 23748
  134 24518
   86 23622
  150 21812
  180 20130
  158 19503
   71 20090
  202 21008
   76 21313
   72 20680
  196 19540
  150 18595
  147 18854
   92 19602
   90 20423
   80 19866
  128 18238
  132 16511
  102 15636
  143 16110
   65 16814
   56 17055
  113 16235
  145 15054
  225 14906
  166 16484
  163 19793
  157 23071
  120 24938
  135 24908
  117 23398
  186 21908
   92 20740
  149 20454
  131 20357
  192 20542
  132 20895
  136 21448
  207 22315
  124 22827
  144 23319
  136 23162
  142 22806
  113 22003
  162 21202
  206 20961
   95 21196
  144 21974
  148 22280
  160 22224
  101 21696
  161 21279
   99 20889
  126 20399
  148 19839
  192 19571
  116 19995
  134 20855
  142 21618
   78 21446
  104 20482
   80 18698
  176 17254
  156 16546
   43 16890
  166 17888
  155 18535
  128 19064
   79 19165
  121 19197
  149 18935
  141 18454
  162 18589
  100 19180
   85 19935
  136 19859
  157 19090
  182 18640
   59 18867
  187 19941
  162 20713
  127 21218
  163 21568
  192 22052
   97 22704
  136 22898
  210 22834
  140 22553
   98 22508
  115 22281
  190 21822
  145 21097
  159 20932
  220 21753
   98 23008
  174 24230
  101 24193
   86 23193
  128 21305
  129 19278
  227 18420
   74 18526
  107 19787
  148 20466
  111 20234
  136 19465
  196 18951
  113 19481
  137 20482
   69 21012
   97 20471
  145 18945
  121 17374
  108 16718
  117 16838
   48 17141
  130 16872
   81 15887
  192 15332
  127 15594
  209 17370
  165 19919
  107 22256
  166 23789
  131 23710
   64 22743
  103 20878
  193 19197
   91 17979
   50 17490
  121 17259
  113 16677
   70 15772
  155 15102
  171 15364
  104 16554
  109 18086
  127 19090
   89 19122
   83 18232
  162 17165
  128 16532
  112 16781
  137 17607
   74 18251
   66 18139
  121 17068
  146 15844
  155 15438
  103 16222
  132 17803
  122 18994
   86 19246
   58 18415
   93 16873
  172 15482
   73 14623
  122 14940
  164 15925
  143 17285
  103 18506
  134 19332
  150 19835
  148 19962
   81 19939
  116 19739
  133 19239
  118 18524
  143 18047
  141 18097
  119 18741
  109 19304
  138 19501
  119 19220
  154 18959
   85 18800
  142 18893
  114 18801
  167 18779
  108 18834
  174 19320
  129 20044
  153 20754
   63 21012
  139 20599
  124 19641
  101 18456
  159 17885
   95 17682
  229 18524
   69 19259
  178 20470
   88 20912
   63 20577
  140 19415
   93 17524
  196 16728
   70 16471
  181 17729
   90 18716
  144 19482
  131 19612
  132 19388
  115 19424
   63 18984
   91 18341
  129 16944
  173 16015
  110 15960
  140 17168
  180 18909
  114 20307
  144 21181
   92 21168
  167 20880
   75 19996
  122 19157
  173 18525
   44 18014
  105 17826
  136 17181
   88 16605
   59 15847
  188 15518
  108 15624
  129 16346
   87 17246
   72 17696
  133 17389
   82 16260
  106 15412
   91 14811
  156 15036
   89 15432
  176 16304
  149 17497
  133 18925
  152 20355
   91 21024
   89 20928
  120 19706
  100 18144
  138 16864
   87 16241
   94 16275
   96 16211
  134 15984
   85 15632
  105 15481
  128 15663
  111 15927
   67 16138
   48 15810
  100 14958
   72 13540
  128 12517
  155 12507
  155 13976
  117 16347
  125 18593
  122 19917
  130 20056
  110 19525
   56 18597
  136 17683
  100 16610
   55 15678
  194 15262
  131 15491
  137 16752
   56 17965
  109 18702
   96 18114
  143 16834
  141 16063
   93 16177
  101 17116
   94 17501
  132 17300
  137 16703
  182 16891
  121 17982
  193 19854
  178 21731
  173 23340
  239 24880
   83 25896
  191 26674
  108 26057
  191 25016
  149 23667
  151 22968
  196 23214
  165 23671
  187 24663
  200 25416
   76 25980
  166 25852
  164 24787
  158 23573
  128 22640
  151 22358
  182 22550
  194 22855
  101 23350
  159 23772
  183 23892
  152 23683
  145 23457
   79 23065
  144 22502
  107 21116
  202 19940
  121 19346
   99 19755
  166 20511
  101 20572
  169 20428
  126 19944
  169 20226
  173 20872
   81 21568
  128 21940
  154 21387
   80 20417
  112 19221
  149 18305
   86 17752
  116 17459
   75 17076
   89 16522
   74 15496
   77 14301
  121 13362
  133 13062
  143 13916
  117 15459
  158 17416
   98 18842
   88 19403
  110 18951
  154 18013
  168 17520
   83 17744
  103 18592
   99 18853
  170 18499
  164 17983
   81 18117
  119 18937
  145 19432
  110 19335
  148 18873
  128 18687
  161 19153
   65 19541
  159 19791
  108 19391
  152 18979
   66 18557
  204 18555
  170 19017
   76 19724
  204 20890
  166 21634
   90 22316
  129 22228
  154 21750
   79 20785
  169 19822
  183 19415
  128 19824
  174 20997
  172 22283
  135 23317
   91 23471
  104 22719
   84 20915
  125 18692
  133 16897
  173 16388
  226 17643
  139 20077
  163 22923
   70 24438
  160 24386
  173 22888
  146 21461
  153 21156
  105 21490
  175 22123
  111 21860
   85 21185
   74 19880
  108 18214
   95 16437
  101 14945
  133 14464
  156 14961
  139 16345
  114 17947
  181 19490
  156 20593
  102 21307
  106 21457
   73 20714
  188 19499
  115 18141
  158 17944
  100 18543
   71 19241
  112 19082
   54 17530
   65 15604
  166 13872
   91 13232
  175 14040
  133 15739
  163 18082
  118 19943
   59 20726
  172 20541
  147 19470
   74 18749
   65 18115
  118 17491
  140 16595
  105 15751
  114 15740
  148 16458
   34 17118
   71 17014
  177 16095
  150 15357
  112 15731
   99 17004
  104 18297
  100 18444
   78 17444
  146 16230
  135 15597
   99 15954
  178 17035
  164 18387
  105 19780
  160 20857
   66 21116
  133 20648
   97 19276
  225 18378
  148 18399
  111 19655
  169 21413
   64 22026
   83 21452
  154 19520
  225 18196
  150 18297
   84 19891
  130 21683
  161 22156
  103 21355
   99 19999
  189 19213
   95 18957
  159 19290
  115 19562
  141 19930
  115 19988
  124 19756
  213 19790
   71 19807
  161 20488
  147 20780
   83 20821
   75 20132
  144 18850
  126 17656
   96 16759
   97 16619
  167 16871
   86 17153
  157 17575
  153 18110
  154 19060
  153 20270
  152 21376
  121 22196
   99 22139
  169 21573
  156 20694
   92 20197
   92 19945
   54 19205
   90 17637
  151 15614
  159 14510
  170 15287
  163 17683
  100 20412
  169 22208
  144 22573
  155 22277
  124 21853
  183 21873
  165 22199
  136 22613
  114 22930
  124 22632
   84 21591
  108 19857
  161 18244
  121 17330
   71 17301
  128 17579
  179 17819
   51 17737
   75 17542
  121 16968
   64 15939
   72 14660
  156 13687
  150 13765
  102 14861
   56 16302
  220 17558
  137 18176
  188 19178
   90 20399
  170 21822
  112 22368
   77 21643
  192 20556
   52 19079
  184 18668
  130 18374
  167 19073
  133 19982
  178 21071
  148 22143
   62 22340
   85 21829
  106 19927
  157 17879
   97 16288
  224 16517
  124 18012
  104 20058
   81 21123
  137 20685
  192 19581
   76 18499
  203 18920
  157 19919
  115 21344
  194 22335
  115 22655
  126 22737
  165 22218
  182 21935
  130 21881
   90 22027
   90 21794
  122 20523
  107 18656
   67 16816
  191 15989
   78 15915
  168 16789
  115 17697
  204 18989
  163 20346
  172 21876
