  172   688
   75  2364
  114  5656
  174  9787
   52 13544
  146 16284
   95 17163
  135 17452
  155 17365
  182 18001
   90 19209
  144 20401
  165 21195
   90 21063
   70 20391
   83 18982
   92 17192
  133 15364
   93 14276
   65 14141
  148 14622
   75 14961
   83 15065
  179 15118
   37 15226
  109 15579
   30 15172
  153 14608
  160 13961
  128 14388
   90 16003
   40 17288
   62 17391
   92 15480
  193 13578
   78 12822
  165 14249
   95 16390
  129 18199
  144 18938
   96 18811
  148 18793
   82 18453
   83 18201
  115 17330
  129 16435
  101 15865
  165 16039
  129 16968
   86 18036
   81 18562
  104 18067
  120 16916
   96 15711
  103 15212
  175 15525
  122 16423
  113 17629
   86 18458
  110 18602
   83 17787
   81 16398
  108 15132
   88 14229
  130 14086
  108 14357
  137 15219
  100 16160
  203 17349
  169 18680
   88 20125
  193 21596
   89 22096
  169 22130
   51 21072
  221 20349
  116 19720
  126 19794
  199 20521
  114 21111
   77 21692
  169 21256
   88 20373
  162 19374
   94 18626
  131 18529
  129 18543
   62 18311
  190 18161
  142 17884
   74 18295
   90 18539
  112 18288
  190 17708
  122 17222
   75 17696
  143 18496
  140 18935
  137 18955
  162 18982
  160 19730
  174 21047
  170 22450
  132 23543
  118 23916
  174 23600
  111 22668
  167 21828
  122 21231
   97 20931
  119 20436
  136 19558
   65 18516
  121 17506
  121 16788
   83 16270
  216 16425
  136 17172
   81 18641
  173 19967
   39 20236
  158 19683
  159 18467
  159 18223
  129 18938
   81 20000
  135 20659
  118 19936
   91 18810
   56 17379
  144 16334
   80 15417
  160 15092
  108 15383
  132 16404
  103 17492
  108 18032
  170 18247
  104 18086
  163 18560
  144 19175
   72 19871
  110 19940
  163 19282
  167 18721
  130 18759
   88 19549
  103 20128
  110 19657
  133 18410
   96 17130
  170 16827
   73 17145
  100 17650
   91 17490
  154 16906
  147 16527
  159 16993
  142 18537
   69 19956
  139 20680
  104 19930
  134 18788
  122 17814
  193 17913
  164 18985
   71 20325
   84 21152
  123 20487
  166 19055
  154 17857
  176 18255
  176 20100
  101 22163
  139 23350
   81 22819
  115 21237
  138 19245
  169 18028
  181 18257
   98 19488
   70 20822
  147 20932
  132 19869
  115 18536
  163 18008
  110 18407
   88 19052
   76 18906
   79 17757
   94 15939
   79 14161
  162 13388
  114 13653
  163 15191
  181 17326
  132 19578
  168 21573
   58 22354
  138 22181
  112 20691
  183 19334
  174 18864
   92 19525
   98 20694
   91 20666
  123 19549
  147 17793
  169 17061
   86 17573
  169 18932
   55 19701
  131 19594
   80 18418
  140 17177
  128 16449
  123 16449
  111 17211
  113 17763
   97 18037
  108 17577
  152 17116
   94 16803
  130 17067
  137 17523
  142 18142
  157 18857
   89 19474
  119 19941
  153 19792
  149 19485
   74 19158
  154 19154
  131 19161
   98 19005
   74 18536
  105 17698
   90 16590
   48 15164
  115 14010
  146 13344
  115 13684
  145 14958
  118 16661
  157 18354
  110 19336
   58 19506
  187 19133
  135 18462
  167 18596
  171 19499
   71 20857
  148 21798
  187 21642
  155 21335
  122 21288
  135 21764
  121 22018
  178 21692
   78 20922
  137 20296
  133 19751
  123 19350
  191 19317
  144 19693
  112 20728
   69 21177
  158 20869
  124 19604
   71 18260
  203 17774
  139 18000
  184 19335
  127 20779
  112 22095
  164 22580
   67 21805
  120 20590
  140 18998
  150 18194
  114 18066
  128 18561
  146 19290
   71 19420
   69 18916
  161 17773
  124 16699
  170 16595
  137 17547
   97 19133
   92 20090
   96 19659
  178 18502
  149 17519
  110 17819
  209 19209
  150 20868
  119 22277
  119 22745
   86 22203
  130 20814
  102 18908
  162 17703
  114 17297
  140 17920
   72 18552
  130 18722
  126 18294
  161 17816
  165 18126
  108 19077
  137 20401
   62 20674
  119 19984
  120 18349
  146 17089
   75 16587
   68 16574
   93 16374
   72 15294
  133 14149
   71 13261
  141 13535
  150 14478
  143 16021
  162 17883
  134 19608
  130 21049
  116 21470
  180 21365
  135 20942
   61 20594
   52 19885
  174 18551
  128 16976
  161 16371
  209 17517
   21 19457
  147 21109
   73 20657
  152 19236
   72 17318
  159 16457
  108 16553
  118 17032
  132 17762
  137 18076
  125 18575
  146 18905
  157 19533
  172 20278
  111 21128
  164 21887
  128 22139
  120 21915
  133 21290
  157 20619
  155 20381
  114 20455
  177 21003
  113 21311
  147 21516
  151 21378
  193 21457
  129 21860
  103 22322
  146 22480
   81 21590
  127 20243
   73 18452
  138 17216
  145 16535
  102 16587
  121 17238
  165 17957
  160 18877
  171 19884
  124 21114
  112 22090
  137 22231
  154 21554
  126 20656
   82 19948
  149 19596
  217 19491
   74 19639
  125 20213
   80 20292
   67 19460
  183 17843
   60 16131
  173 15866
  111 16316
  165 17714
  111 18820
  151 19681
   98 20140
  178 20138
  184 20379
  157 20951
  172 22323
  116 23467
  141 24080
   58 23138
  182 21586
   82 19620
   52 18100
  119 16915
   91 15674
  151 15037
   51 14571
  134 15075
   68 15310
   72 15233
  200 14997
  144 15095
  120 16534
   89 18156
   89 19272
  132 18933
   88 17555
   77 16244
  117 15347
  149 15178
   61 15291
  162 15841
  116 16486
  102 17191
   89 17499
  156 17475
   97 17275
   99 17042
  125 17033
  143 17062
  136 17425
  139 18032
   55 18663
  146 18906
   99 18344
  177 17758
   92 17480
  117 17914
  180 18674
  120 19158
  148 19835
  182 20422
  114 21277
   85 21642
   90 21078
  137 19677
  188 18218
  115 17717
  207 18847
   82 20463
   99 21702
  151 21494
  139 20348
  117 19372
   73 18665
  132 18476
  200 18204
  126 18347
  157 19307
   78 20419
  126 21093
   82 20288
  198 18994
  153 18211
  168 18868
   96 20459
  110 21600
  102 21480
  167 20147
  112 18834
  146 18339
  127 18780
   41 19078
  111 18722
  141 17415
   92 16209
  213 16024
  108 16989
  179 19034
  118 20711
  143 21813
  104 21833
   99 20941
  170 19965
  118 18915
  124 18771
  167 19040
  120 19671
   60 19937
  114 19456
  144 18398
  120 17313
  102 16864
  140 17164
  116 17720
   64 17904
  211 17924
  141 17966
   95 18671
  141 19567
  130 20107
  125 20116
   37 19235
  202 18502
  139 17804
  130 18068
   98 18802
   86 19309
  100 19022
  166 17813
  184 17210
   87 17596
   77 18842
   95 19303
  168 18645
  154 17575
  150 17543
  150 18897
   85 20485
  162 21402
  145 21095
   97 20438
  120 19833
   85 19168
  210 18758
  139 18488
  145 19281
  127 20497
  111 21412
   75 21213
   97 19646
  144 17840
  109 16384
  108 16067
  115 16390
   80 16771
   69 16553
  133 15783
  129 15051
  114 15002
   92 15641
  129 16523
  167 17251
  127 17838
  206 18967
  133 20427
  105 21947
  141 22562
   52 21746
  207 20411
   94 18829
  212 18758
  107 19445
  156 20854
  120 21794
  170 21908
  170 21918
  149 21865
  158 22562
  126 22985
  165 23282
  189 23094
  193 23266
  106 23777
  103 24187
  115 23603
   94 21706
  115 19322
  102 17272
   93 16196
  164 15963
  168 16485
  192 17977
  102 19956
  131 21845
  101 22390
   85 21363
  169 19615
  177 18275
  123 18432
  152 19650
  112 20972
   75 21293
   53 20055
   93 17734
   99 15179
  180 13701
   69 13702
  163 15181
  130 16948
  142 18472
  146 19486
  165 20205
  103 20913
   68 20907
  154 20343
   97 18922
  156 17897
   39 17140
   87 16846
  176 16403
  144 16038
  180 16812
  108 18369
  107 20371
   86 20944
  182 20287
  138 19128
   67 18472
  163 18709
  168 19049
   59 19307
   91 19070
  185 18620
   44 17820
  131 17201
   47 16387
   82 15608
  152 14670
   68 13882
  190 14305
   73 15151
  179 16960
   57 17945
  153 18565
   65 18263
  150 17606
  135 17216
  136 17191
  166 18206
  122 19259
  142 20538
  142 21025
   97 21054
   89 20368
   88 19087
  128 17597
  186 16546
  179 16863
  136 18643
  213 21291
  140 23538
  138 24805
   88 24593
   98 23192
  186 21245
  129 19482
  168 19176
  187 20061
  110 21652
  155 22891
  106 22953
  171 22421
  110 21359
  163 20787
  152 20675
  115 20863
  133 21161
  200 21207
   95 21262
  118 21240
  133 20996
  152 20497
   65 19707
  114 18877
   87 17921
   95 16773
  183 16001
  123 15878
   43 16649
  150 17446
  162 17802
  137 17949
  106 18331
  172 19276
  117 20106
   61 20232
  142 19646
  161 18