  140   560
   92  2048
  141  5168
   91  9116
  129 13021
   92 15613
  102 16605
  206 17017
  157 17499
  111 18955
  161 20585
  106 21643
   81 21475
  114 20131
   94 18330
  143 16893
   73 16014
  105 15884
  160 16029
  102 16339
  127 16943
  160 17641
  146 18660
  147 19678
   75 20362
  172 20706
  139 20389
  146 20178
   88 20044
   95 19883
  159 19454
   79 18394
  172 17839
   79 17499
  140 17915
  127 18164
   96 18205
  168 18329
  124 18345
   85 18746
   80 18587
  102 17905
  118 16662
  102 15484
  105 15067
   71 15090
   66 15071
  112 14547
  147 13940
  123 14035
  181 15370
  102 17383
  130 19325
  167 20397
   74 20459
   98 19932
  131 18862
  174 18110
  123 17846
  164 18642
   94 19795
   86 20417
   82 19782
   95 17973
   85 15922
  155 14537
  195 14717
  130 16313
  182 19026
  122 21415
   63 22591
  167 22157
  107 20553
  171 19323
   54 18517
  116 18470
  183 18345
   72 17965
  161 18090
   67 17996
   83 18063
  122 17264
  164 16407
  175 16439
   98 17457
  176 19502
  201 21206
   78 22302
  157 22736
  125 22358
  156 21811
   96 20900
   88 20058
  100 19075
  136 17833
  151 17020
  222 17264
   96 18823
  127 20908
  129 22074
  159 21978
  128 21133
   93 20255
  153 19935
   92 19420
  115 18934
  127 18176
   72 17514
  149 17126
  198 17116
   89 17814
  148 19047
  127 20091
  175 20779
  148 20951
  153 21310
  182 22092
  108 22730
   56 22795
  118 21542
  127 19485
   79 17344
   94 15911
  115 15317
   95 15168
   49 14908
  169 14716
   58 14431
  113 14588
   71 14633
  168 14892
  120 15278
  132 16098
   66 17171
  174 17943
   56 18034
  124 17550
  114 16916
   58 16234
   81 15660
   66 14530
  143 13705
   50 12854
  147 13075
  163 13949
  109 15483
  159 17408
   57 18631
   53 18966
  157 17840
   96 16206
  204 15568
  154 16373
  161 18839
  202 21579
   90 23477
  168 24392
  170 23970
  116 23321
   99 22408
   59 21134
   95 19375
  195 17331
  144 16275
  139 16942
  147 18843
  153 20856
  158 22016
   56 21989
  118 21277
  161 19953
  149 18899
  184 18839
   39 19483
   99 20258
   64 19406
  139 17510
  152 15600
  115 15080
  173 16453
  135 18329
  149 20258
  163 21331
  133 21940
  121 22124
  171 21980
  142 21746
  111 21462
  104 21103
  121 20422
  162 19561
  133 18897
  167 19127
  130 19971
  123 20974
  134 21380
  127 21042
   99 20291
  118 19359
  169 18744
  124 18504
  122 18854
  176 19561
   98 20162
   90 20337
  196 20046
  124 19628
   60 19380
  161 19238
  150 19042
  177 19161
   95 19580
  143 20483
  116 20914
   51 20341
  168 19145
   55 17416
   73 16253
   49 14889
  185 13974
  108 13505
   34 13800
   93 14593
  118 14721
  164 14730
  123 14844
  117 16104
  108 17664
  155 18801
  154 19224
   59 19124
  100 18957
   75 18077
  190 17041
  124 16199
  129 16647
  136 18026
  108 19276
  134 19884
  144 19574
  124 19343
   74 19056
   77 18596
   97 17464
  169 16137
   93 15323
   84 15507
  131 16210
   77 16533
  127 16422
  187 16248
  119 16859
  132 18222
  106 19492
   85 19939
   87 19059
  144 17564
  142 16441
  175 16562
  129 17945
  162 19914
  165 21591
   67 22260
  145 22058
  131 20950
  194 20159
   69 19672
  167 20033
  108 20300
  137 20244
  111 19814
  105 19104
   84 18480
   96 17429
  181 16709
   96 16233
  135 16842
   85 17582
  128 18153
  165 18188
  130 18136
  127 18686
  108 19297
   67 19529
  104 18659
  170 17335
  115 16445
   82 16516
  159 17290
   52 17692
  177 17771
  146 17533
  173 18153
  175 19631
   98 21335
  161 22726
  149 22792
  117 22348
   89 21326
   63 20027
   60 18166
  100 15748
  120 13705
   95 12727
  108 13123
   92 14131
  135 15126
   45 15442
  135 15470
  180 15503
   27 15739
  152 16463
   59 16558
  128 16513
  115 15857
  181 15853
   95 16629
   58 17566
  165 18311
  109 17897
   81 17376
  119 16762
  113 16535
   56 16216
  112 15682
  143 15197
  156 15269
   98 16128
   88 17330
  164 18252
   86 18291
   91 17884
  140 17264
  184 17191
  136 17818
  108 18988
  118 20147
   54 20148
  130 19058
  104 17178
   61 15658
  116 14842
   79 14387
  147 14416
   61 14377
  179 15046
  194 16181
   76 17790
  168 19681
  177 20911
  166 21963
   78 22267
  106 22184
   87 21120
  128 19247
  153 17525
  204 17064
  176 18537
   93 20897
  177 23030
  122 23566
  188 23235
   71 22230
  186 21715
  168 21464
  167 21686
  205 22634
  156 23814
   83 24973
  123 24752
  114 23216
  106 20794
   63 18406
  120 16711
  171 15874
   72 15744
   99 16267
  171 16869
   84 17305
   90 17424
   97 17080
   94 16483
  112 15668
  147 15188
  156 15624
  124 16888
  159 18704
   70 19906
  141 20294
  174 19872
   55 19179
  146 18855
  145 18571
  103 18589
  185 18757
  115 19176
   74 19739
  168 19824
  101 19369
   90 18639
   96 17724
  127 17026
  165 16626
   88 16668
  208 17729
   85 18848
  105 19929
   83 19814
  140 18831
  177 17839
   75 17289
  126 17888
   79 18156
  142 18150
   75 17250
   78 16291
  114 15539
  135 15023
  123 15166
   90 15634
  124 16535
  113 17048
  152 17361
   93 17448
  143 17812
  150 18323
  130 18898
  173 19678
   91 20253
   96 20620
   84 19903
  157 18634
  200 17627
  140 17876
   99 19454
  127 20950
   85 21216
  158 20173
  146 18817
  107 18293
  124 18615
   91 18908
  132 18800
  140 18159
   64 17605
  145 17398
  183 17511
  133 18177
   74 19021
  117 19641
   97 19339
  129 18214
  207 17396
  140 17723
   68 19156
  130 20385
   72 20203
   94 18673
   75 16460
  188 15078
  107 14829
  118 15834
  148 17359
  184 18783
  113 19986
  148 20823
  161 21519
  166 21938
  113 22191
  140 22197
  197 22203
   79 21919
  157 21777
  148 21370
  135 21145
  164 21057
  154 21228
  163 21883
  110 22312
   74 22282
  138 21280
   91 19510
  170 18057
  174 17541
   70 18226
  165 19502
  105 20073
  147 20163
  158 19765
  153 19881
   78 20327
   73 20308
   64 19251
  143 17153
   77 15067
  139 14131
   69 14280
  162 15219
  126 16152
  128 17043
  139 18067
  107 18789
  146 19413
  171 19559
  129 19942
  154 20556
  114 21162
  177 21616
  123 21543
   44 21050
  159 20215
  118 18894
  106 17902
  108 17211
  154 17264
  132 17687
   88 18096
   70 18246
  182 17936
   92 17352
  157 17234
  198 17944
  103 19363
  172 21082
   97 21861
  157 22083
  138 21413
  137 20854
  176 20762
   42 20636
  122 20519
  149 19474
  124 18455
   97 17773
  142 17756
  134 18205
   45 18209
  106 17816
   78 16602
  114 15338
  114 14350
  169 14451
   78 15444
  169 16991
   73 18102
  176 18733
  155 19004
  117 19390
  206 20406
  112 21264
  156 22318
  133 22465
   97 22185
  143 21347
  107 20135
  212 19595
  112 19472
   67 20057
  170 20401
  156 20134
   99 19760
   65 19178
  160 18846
  165 18377
  109 18200
  109 18546
   97 18908
   98 18773
  148 17910
  109 17011
  148 16923
   87 17382
  139 18088
   76 18149
   80 17590
  190 16904
  222 16865
  115 18289
  134 20562
  140 22519
   66 22766
  108 21340
  108 18993
  159 17254
  157 16720
  172 17757
  113 19571
   74 20956
  157 21230
  188 20441
  182 20087
   56 20479
  165 21506
  137 21773
  186 21485
   71 20889
  218 20978
  172 21586
  121 22365
  149 23128
   37 22776
  144 21753
  143 19605
  199 18397
  148 18574
  155 20326
  168 22500
  108 23572
  126 23569
   85 22194
  100 20401
  136 18477
  134 17178
  130 16936
  106 17427
  137 18274
  113 18662
  152 18795
  146 18897
   94 19174
  101 19409
  178 19299
  127 19033
  130 19050
  167 19599
   77 20169
  172 20563
  104 20218
   97 19718
  117 18941
   54 17878
  162 16947
   57 15770
  168 15581
  102 15698
  140 16572
  145 17626
  183 18737
   98 19973
  111 20679
   90 20690
  124 19618
   93 18091
   52 16484
  120 15388
  102 14500
  139 14334
  125 14739
  139 15991
  172 17671
  142 19281
  141 20723
  168 21689
   86 22092
  178 22034
   59 21198
  154 20327
  126 19263
  151 18754
  184 19094
   63 19710
  156 20668
  120 20551
   73 19933
  131 18762
  159 17804
  131 17661
  115 18067
  110 18844
  202 19494
  159 20013
  161 20959
  177 22306
  146 23661
  176 24591
  118 24565
   79 23855
  129 22355
  163 20589
  207 19567
   76 19581
  142 20678
  106 21253
  157 21011
  160 20233
  190 20073
   65 20772
   95 21346
  118 20902
  139 19325
  121 17840
   95 17094
  139 17374
  147 17821
  120 18334
  165 18896
   59 19323
  131 19534
   64 18716
  198 17771
  113 17041
   48 17063
  141 17516
  150 17474
  173 17733
   93 18081
  114 19139
   78 19540
  170 19144
   87 18065
   90 17183
   81 16669
  170 16330
  135 16265
   52 16419
  152 17115
   83 17279
  106 17160
   79 16338
  174 15884
  223 16345
  105 17843
  119 20167
   77 21438
   95 21153
   70 18940
   76 16180
  163 14289
  116 13703
  111 14650
  132 16084
  171 17649
  102 18745
  199 19717
  171 20743
  102 21813
  109 22472
  101 21972
  160 20742
   87 19038
  170 18262
  154 18338
  121 19221
  116 20152
   62 20180
  190 19688
   53 18338
  164 17647
  105 17249
   75 17348
  148 17453
   64 16906
  166 16748
  169 16655
  124 17673
  100 18953
  168 20038
  112 20436
  187 20381
  130 20468
  166 21083
  133 21836
   97 22128
   82 21572
   82 19845
  128 17824
  137 16057
  155 15725
  172 16859
   49 18567
  189 20084
  157 20528
  177 20862
  121 21333
   98 21942
  100 21958
   99 20567
  116 18663
  148 16968
  122 16540
  120 17114
   82 17861
  141 18216
   99 17854
  171 17555
  178 17877
  154 19165
  158 21099
  146 22691
  124 23513
   94 23020
   66 21498
  134 19368
   69 17108
   56 15326
  101 14023
  111 13232
  133 13157
  164 13962
  145 15845
   64 17865
  125 19202
  179 19383
   72 18807
   70 18170
   77 17280
   90 16041
  127 14572
  121 13704
  186 14379
   47 15876
   80 17420
  157 17764
  170 17395
  147 17481
  184 18699
  212 21157
   69 23271
  175 24536
   72 23920
  156 22461
  105 20484
   92 18931
  183 18264
   92 17914
  136 18385
  182 18795
  140 19678
  110 20521
  141 21060
  142 21194
  120 20759
   72 20040
  131 19168
  157 18313
   80 17689
  190 17815
  156 18504
  158 19931
   79 21077
  122 21558
  106 20877
   80 19200
  171 17710
   76 16603
  141 16705
  142 17124
  165 18047
   80 18887
   95 19359
   88 19051
  185 18047
  140 17323
  101 17479
  158 18621
   59 19367
  170 19593
  156 19017
  125 18945
  105 19328
  147 19832
  112 19981
  136 19559
   62 18925
  203 18511
   79 18169
  117 18207
   90 18081
   87 17571
   92 16689
  107 15404
  201 15091
   95 15523
  141 17218
  115 18703
  102 19504
   93 19172
  172 18273
   96 17620
  110 17469
   64 17480
   96 17023
  126 16084
  135 15204
  169 15476
   77 16563
  125 18131
  110 18759
  115 18540
  145 17927
  107 17526
  171 17968
  171 18809
   84 19926
  155 20800
  125 20963
  160 20824
  164 20582
   75 20624
  187 21005
   79 20772
  114 20325
  183 19503
  129 19089
   84 19252
  110 19290
   38 18726
  128 17219
   41 15123
  111 13548
   62 12523
   87 12219
  181 12582
  101 13346
  185 15322
   58 17135
  139 18828
  155 19279
  110 19082
  165 19114
  103 19212
   77 19590
   83 18956
  116 17663
  112 16100
  167 15347
  173 16083
   92 17782
  141 19683
   79 20392
  125 19966
  158 18806
  167 18213
   82 18539
  124 19312
  139 19781
   88 19352
  151 18710
   50 17840
  156 17469
  188 17291
   58 17586
  145 18367
   98 18692
  141 18833
  115 18276
  144 18073
  115 18262
   84 18442
  187 18718
  160 18749
  143 19477
   68 20265
  187 20993
   39 20545
  134 19433
  103 17908
   81 16650
  169 16168
   86 15946
  117 16547
   49 16589
   84 16316
  102 15152
  100 13870
  125 13405
  179 14013
  172 15985
   63 18195
   58 19684
   72 19226
  164 17335
   41 14994
  139 13923
  105 14031
  117 14921
  168 16017
  162 17166
   86 18659
   67 19497
  198 19707
  166 19171
  153 19290
  166 20426
  111 21992
  192 23194
   85 23059
  128 22359
   57 20841
   64 18937
  117 16699
   44 14343
  115 13015
   99 12331
  130 12853
  174 14058
   58 15606
  127 17211
  141 17905
   66 17917
  119 17389
  157 16876
   43 16636
  142 16580
   57 16241
  137 15913
   88 15328
   65 14942
  159 14906
   54 14700
  109 14938
   76 14650
   74 14404
   96 13821
   68 13082
  185 13065
   85 13464
  114 14875
   84 16023
  102 16594
  143 16487
  133 16147
  108 16537
   87 17107
  164 17798
  165 18132
   90 18519
  160 19247
  141 19923
  133 20470
   47 20250
  152 19617
   65 18315
  100 16905
   82 15576
  132 14725
  158 14772
  113 15473
  116 16934
   49 17783
  154 18002
  116 17185
  112 16549
  174 16730
  154 17753
  103 19264
  169 20430
   57 20791
  158 20437
  173 19647
   85 19169
  107 19160
   56 18752
  147 18017
  128 16653
  176 16290
  167 17269
  107 19206
  159 21206
  132 21961
   78 21711
  155 20699
  107 19515
  141 18790
  156 18549
  150 19075
  140 20031
  122 20863
   65 21057
  176 20414
  146 19415
   46 18618
   91 18090
  174 17535
  189 17315
   43 17470
  126 18361
  127 18848
   56 18412
  177 17478
   82 16493
  127 16561
   62 16603
  152 16761
   78 16397
  127 16068
  128 16129
  113 16385
  120 17058
   87 17305
  102 17365
  162 17005
   57 16629
  146 16612
   99 16616
   71 16642
  124 16347
  183 16102
  126 16562
  154 17788
  116 19447
  141 20660
  158 21091
  174 21139
  164 21526
  111 22180
  197 23041
  117 23205
  104 22905
   70 21745
  111 19999
  197 18297
  116 17252
  141 17827
  121 19014
  149 20246
   98 20480
  169 20193
  102 19771
  159 19664
   87 19625
  137 19503
  164 19346
   75 19027
  139 19047
  185 19008
   96 19310
  149 19741
  120 20075
   93 20122
   88 19391
  134 18239
  151 17271
   62 16736
  109 16864
  166 17008
  166 17401
   67 17959
  142 18770
   97 19128
   87 18690
  160 17793
  194 17328
  137 18150
  115 19749
  124 21244
   89 21405
  156 20478
   58 18848
  160 17773
  137 17276
   71 17377
  138 17705
   66 17471
  134 17170
   89 16297
   70 15693
  163 15367
   74 15174
  194 15839
  146 16781
  103 18426
   77 19577
  113 19597
  115 18597
   96 16983
  116 16054
   73 15581
   80 15431
  167 15200
  131 15186
   94 15837
  189 17158
  118 18562
   77 19526
   80 19415
  123 18405
  155 17103
  135 16407
  190 17254
  124 18999
   84 20777
  196 21613
  115 21315
  138 20894
  103 20383
   82 19936
  167 19233
   83 18143
   70 17355
  154 16688
   72 16224
  134 16023
  180 16151
  108 17040
   83 18154
  175 19000
   94 19173
   94 18769
  118 18118
  139 17559
  133 17345
  174 17757
  174 19025
   79 20456
   69 21279
  170 20780
  104 19285
  140 18060
  165 17825
  181 18889
   93 20359
   78 21239
  178 21165
  176 20327
  159 20077
   87 20517
  173 21537
  179 22115
   93 22057
  230 22150
  108 22272
  137 22847
  144 22801
   64 22066
  122 20768
   96 18834
  122 17403
  137 16412
  154 16598
  141 17643
  131 18992
  140 20241
   81 20582
  149 20298
   73 19240
   81 18022
  134 16789
   97 15798
   69 15283
  100 14900
  184 15012
   58 15198
  119 15875
  119 16435
   94 16723
   75 16497
  162 16048
  110 15908
  137 16299
  104 17122
  162 18048
   90 18628
  164 18974
  103 19067
  161 19232
   59 19225
  180 19141
  153 19051
  131 19243
  138 19992
   94 20448
  106 20510
  109 19425
   99 18073
  174 17043
  133 16935
  124 17844
  158 19100
  126 20145
  124 20670
  154 20651
   83 20328
   95 19696
   51 18413
  107 16717
  106 14877
   87 13678
  197 13841
   90 14888
  107 16662
   63 17580
  113 17516
  165 16682
   48 15739
  158 15860
  129 16283
   80 17069
  148 17514
  112 17614
   37 17484
  149 16905
   74 16029
  127 15363
   85 14934
  133 15170
  172 15860
  117 16851
  116 18239
  161 19276
  111 19955
   87 19863
  149 19354
  194 18979
   82 18998
  175 19729
  183 20695
  134 21704
   93 22279
  169 22288
  194 22042
  144 21850
  161 22376
  108 22971
  153 23302
  146 22740
  124 21823
  185 21281
   65 20954
  168 21022
   52 20273
   86 19132
   97 17339
  142 15703
  156 15165
  111 15664
  198 17596
  177 19656
  110 21650
   87 22591
  185 22499
  147 21647
   94 20708
  135 20257
  136 20005
  147 19898
  108 19625
  114 19495
   78 19093
  141 18416
  156 17661
  116 17397
   93 17844
  156 18488
  194 19138
  124 19734
  123 20632
  133 21349
  139 21519
  113 20937
  106 20011
  206 19508
  120 19467
  164 20255
   95 20981
   63 21138
  102 20069
   97 17889
   73 15742
  142 14302
  103 14078
  177 14960
  138 16462
  136 18352
  155 20036
  149 21137
   99 21604
  156 21417
   42 20615
  192 19663
   86 18497
   94 17823
  105 17338
  122 16868
  159 16773
  155 16966
  123 18195
   90 19362
  161 20161
  124 19989
  152 19634
  104 19445
  121 19568
  110 19473
   87 18789
  149 17972
  116 17201
  150 17296
  115 17802
  169 18795
  120 19636
   62 19959
  197 19926
  148 19471
  173 19786
   68 20342
  146 21121
  125 21015
  161 20300
  229 20138
  108 20787
  107 22331
   83 22725
  165 21898
   58 19754
  173 18065
  154 17461
  134 18082
  185 19601
  130 20970
   81 21982
  154 21842
  190 21233
  116 20617
   73 20430
  174 20493
  141 20223
  198 20182
  116 20559
  147 21617
  156 22504
   43 22300
  124 21192
   93 19077
  174 17537
   97 16607
  134 16963
  162 17999
  145 19073
  106 20030
  178 20558
   69 20710
  152 20466
  186 20054
  146 20052
  140 20778
  117 21575
  165 22192
   93 21751
  143 21041
  115 20085
   67 19184
  114 18248
  134 17124
  119 16473
  132 16423
  125 17118
  146 18100
  122 18885
   75 19191
  178 19140
   93 18680
   52 18150
  124 17349
  138 16477
   46 15708
  121 15231
   74 14934
  185 15005
   76 15198
  165 16129
  143 17387
   95 18581
   85 19246
  100 18683
  123 17686
  144 16531
  113 16296
   64 16631
   63 16823
  163 16361
   55 15245
  124 14594
   68 14351
  178 14835
   93 15381
  157 16305
  114 17441
  170 18595
  110 19592
  139 20073
  168 20499
  143 20689
  141 21192
   51 21155
  156 20810
  148 19703
  148 18943
  217 19295
  105 20599
  201 22629
  105 23643
   99 23729
  114 22466
  128 20580
  210 19315
  153 19031
  134 20389
   92 21751
  169 22436
  139 21884
  188 21186
  180 21351
   80 22172
  168 23115
  160 23039
  143 22576
  141 22024
  136 21875
   91 21703
   94 20860
  149 19584
  153 18349
  116 17979
   72 18238
  223 18910
  187 19587
  151 20804
  145 22429
  143 23831
  114 24192
  106 23070
   82 21153
  169 19233
  159 18113
  133 18203
  169 19371
  142 20851
   69 21766
  187 21725
   96 20836
  140 20018
  116 19358
  144 19195
  169 19399
  119 19728
  143 20465
   70 20577
  103 20171
  109 18747
  107 17132
  119 16046
   74 15549
  169 15870
  156 16427
  115 17514
  122 18725
  150 19695
   96 20037
  180 19904
  125 19731
  162 20066
  102 20535
  121 20816
  174 20708
   72 20046
  105 19486
  122 18572
   47 17538
   77 16150
   84 14525
  155 13484
  132 13302
  217 14860
   92 17375
  113 19951
  140 21273
  100 20907
   59 19535
  136 17786
   88 16416
  153 15698
   99 15694
   98 16256
  110 16793
   87 16754
  152 16525
  161 16378
   39 16836
   78 17253
  113 16892
  143 15962
  177 15424
  186 16452
  238 19375
  125 22803
  116 25499
   66 25790
   98 23772
  104 20326
   83 16943
  189 15280
  166 15417
  195 17561
  170 20458
   82 23028
  140 24205
  104 23306
  150 21539
  142 19770
  170 19300
  139 19946
  142 21022
   84 21681
  216 21694
  129 21316
  103 21127
  142 21127
   66 20633
  143 19778
  116 18313
  194 17802
   70 17916
  114 18718
  160 19233
   54 18842
   95 18098
  166 17012
   95 16489
  154 16620
   82 17151
  115 17831
  124 17898
   62 17382
   96 16580
   93 15478
   63 14567
  159 13897
   80 13727
  186 14623
  121 15989
  101 17707
  175 19084
  133 19755
  128 20277
   94 20198
  100 19921
   51 18699
  157 17117
  188 16003
  118 16205
  118 17800
  130 19467
  122 20339
  170 20206
   96 19740
  125 19588
   81 19290
   74 18519
  151 17265
   69 15870
   92 15198
  110 14828
  116 14886
  123 15095
   86 15421
  114 15979
  199 16570
   47 17120
  208 18078
  163 19055
  113 20346
   97 21176
  103 21034
  123 20097
  134 18486
  167 17764
   67 17739
  128 18420
  139 18700
  174 18758
   88 18820
   78 19011
  125 18950
  143 18209
   83 17347
  107 16745
  144 16749
   96 16884
  153 17211
  150 17661
   92 18396
  112 18984
   98 18894
  168 18429
  167 18040
  139 18612
  184 20127
  156 21859
  163 23352
  156 24045
  143 24230
  105 23818
  186 23089
   78 22018
  161 21142
  120 20355
  179 20122
  205 20576
   53 21303
  174 22328
  167 22381
   86 22029
  142 21246
   46 20133
  103 18922
  118 17085
  175 15933
  169 16042
   49 17311
  107 18898
   44 18751
  118 17290
  111 15061
  117 13837
  123 14118
   95 15147
  180 16593
  105 17482
   77 18209
  152 18430
  186 18502
  139 18908
   67 19537
  108 20108
   70 19445
   63 17578
   67 15039
  210 13358
   32 12905
   88 13720
   88 14473
  136 14739
  113 14670
  150 14928
  184 16401
  115 18268
  129 20246
  118 21060
  103 20869
  135 19874
  145 18856
   96 18354
   79 18143
   66 17639
  142 16612
  168 15633
   94 15552
  192 16875
  163 18828
  121 20806
  130 21939
  123 22081
  171 21666
   96 20800
  131 20302
  168 19994
  103 19900
  127 19933
  123 19701
  129 19492
  107 19027
  188 18876
  102 18990
  163 19611
  177 20453
  103 21186
  118 21643
  124 21281
  160 20649
  152 19931
   80 19723
   69 19586
  106 18788
  102 17253
  112 15604
  121 14792
  155 15237
  207 16787
  146 18963
  165 21419
  164 23371
   93 24242
  187 24057
  109 22945
  162 22074
  189 21609
   94 21711
   85 21854
  105 21065
  173 19805
  158 18524
  129 18463
  168 19631
  104 20932
  105 21551
  176 21108
  112 20246
   47 19418
  197 18838
  149 18472
  192 18963
   45 19837
  118 20799
  113 20524
   70 18921
  143 17155
   89 15701
   88 15475
  116 15408
   85 15398
   78 15117
   89 14574
   97 14080
  169 13919
  133 14532
   60 15819
  170 17270
   40 17773
   98 17429
  139 16293
  191 15794
   70 16241
  111 17397
  187 18660
   77 19012
  175 19288
   78 19067
  145 19246
  164 19201
   78 19120
  180 19385
  147 19562
   81 20077
  167 20239
   70 19925
  102 19267
  100 17953
  117 16785
  133 16019
  143 16039
  116 16941
  187 18219
   44 19237
  199 19934
  138 19981
  140 20193
  160 20671
   73 20978
  185 21319
   40 20419
  125 19479
  165 18164
   73 17352
  161 17396
   98 17521
  153 18250
  113 18479
  168 18964
  124 19432
  100 19806
  185 20239
  114 20157
   86 20121
   90 19500
  108 18488
   91 17031
  130 15766
  100 15225
  198 15746
   87 16862
   95 18125
  165 18881
   43 18641
  122 17987
   84 16666
  148 15933
   88 15451
  168 15867
  114 16786
   62 17576
   69 17770
  100 16678
  156 15381
   84 14380
  160 14884
  104 16065
   69 17260
   85 17440
  185 16833
  166 16523
  102 17117
  198 18959
   59 20465
  133 21223
  172 20669
   48 19601
  103 18654
   89 17421
  163 16600
   95 15827
  117 16007
  193 16958
  103 18078
  134 19360
   63 19662
  144 19463
  110 18410
   91 17341
  125 16738
  112 16454
   88 16547
  113 16382
  145 16365
   34 16158
  146 16115
   59 15654
  120 15253
  152 14976
   92 15204
  135 16168
  105 16951
  162 17871
  167 18431
  127 19326
  130 20384
  152 21142
  175 21620
  130 21697
   94 21726
  120 21418
  163 20680
  131 19815
  105 19301
  112 19215
  106 19037
   91 18351
  174 17527
  165 17284
  118 18084
  157 19593
   74 20651
  152 20909
  183 20333
  110 19916
   87 19928
  131 19914
  198 19817
  133 19576
  128 20024
   99 20670
  123 20893
  109 20131
  153 18938
  157 18325
   87 18488
   94 19028
  133 18972
  202 18675
   82 18428
  148 19015
  139 19794
   54 20041
  110 19405
  124 17930
  149 16888
  153 16655
   78 17439
  185 18737
   98 19466
  159 19944
   73 19701
  132 19383
  145 18900
  176 18614
  131 19122
  134 20051
  169 21285
  203 22129
   74 22635
  127 22740
   78 21960
  155 20506
  176 18987
  154 18535
  117 19513
   88 20630
   88 20872
  222 19930
   69 18692
  115 18299
  133 18397
   84 18425
  170 18227
  131 17837
  102 18199
  118 18588
  100 18756
   97 18250
  146 17379
   65 16651
  148 16418
  183 16719
  133 17699
   91 18991
  172 20124
  174 20843
   64 20871
  137 20721
  193 20383
   64 20013
   83 19537
  142 18760
   73 17698
   67 16417
  152 15351
  165 15084
   55 15562
   64 16348
   81 16364
   91 15312
  126 13884
  150 13280
  188 14470
   56 16621
  139 18815
  166 19790
  112 19837
   67 19396
  181 18954
   95 18578
   61 18037
  130 17407
   87 16500
  177 16083
   45 15788
  128 16244
  136 16543
   61 16603
  162 16651
  113 16494
  137 17100
   32 17295
  153 17440
  136 17006
   61 16460
  118 16323
  172 16351
  124 16965
   82 17566
  126 18217
  173 18544
  146 18774
   90 19145
  157 19750
  178 20322
  165 20910
  151 21662
  104 22437
  183 23006
   89 22590
  186 21946
   76 20986
  179 20598
  128 20337
  156 20380
  194 20968
   92 21522
  140 22301
   74 21828
  169 20940
  131 19524
  111 18769
   79 18565
  164 18477
  183 18576
   74 18651
  175 19448
  178 20291
  143 21313
   60 21731
  106 21423
  140 20241
  140 18638
  165 17895
   74 18068
  149 19071
   99 19416
   99 19039
  112 18058
   59 16877
  201 16317
   92 15988
   63 16454
  175 16980
   65 17112
   78 16918
  136 16145
  122 15713
  156 15849
  132 16703
  112 18134
   78 19004
   67 18790
  119 17434
  175 15923
   37 15161
  133 15497
  108 16008
   80 16240
   89 15867
  141 15327
  172 15466
  136 16323
  129 18096
  158 19839
   54 20722
   79 20272
   67 18352
  167 16200
  113 14695
   96 14641
  130 15708
  139 16875
   99 17715
   92 17812
  161 17793
  130 17698
  155 18118
  106 18799
  137 19633
   97 19897
  194 19789
  121 19578
  121 19772
   87 20036
   71 19556
  173 18509
  130 17184
  221 17394
  211 19153
   65 21922
  158 24146
  111 24263
   68 22715
   75 19920
  129 17303
   83 15415
  108 14446
  144 14547
  155 15391
  171 17035
  175 19118
  113 21205
  108 22475
  112 22368
   87 20895
  131 18929
  176 17540
  106 17333
  212 18480
   84 19919
  159 21299
  116 21604
  170 21397
   98 20870
  141 20408
  145 20277
   79 19837
  115 19437
  116 18497
   78 17576
  115 16601
  200 16263
  137 16822
  118 18274
   68 19625
  186 20243
  143 19866
   97 19363
  174 19465
   92 19731
  111 19996
  112 19373
   92 18416
   90 17252
  118 16210
  189 15933
  135 16446
  102 17913
  184 19575
   95 20552
  180 21019
  116 20838
  179 21020
  178 21474
  150 22266
  120 23136
  101 23172
   50 22151
  157 19995
  140 17810
   48 16443
   89 16035
   87 15656
  150 15190
  140 14777
  138 15474
  198 17367
   59 19357
   85 20600
   79 19883
  121 18025
  142 16057
  128 15220
   94 15887
  144 17077
   97 17959
  161 18274
  103 18249
  160 18549
  162 19155
  163 20101
  150 21313
   94 22094
  152 22416
  182 21926
   73 21231
  126 20648
   55 19715
   86 18352
  175 16623
  109 15457
  137 15779
   60 16662
  111 17559
  113 17275
  153 16610
  178 16620
  176 17861
   80 19969
  163 21663
  120 22097
  160 21597
  134 20866
  195 20834
  187 21697
  116 22855
  107 23773
  167 23590
  161 22748
   87 21588
   91 20673
  186 19978
  178 19574
  142 19863
  187 21095
  129 22649
  178 23905
  130 24113
  159 23820
   70 22967
  122 21812
  151 20390
  112 18998
  135 18434
  144 18456
  149 19167
   98 19697
  111 19931
  146 19651
  122 19081
   73 18505
   66 17742
  125 16776
  119 15630
  221 15409
   89 16350
   58 18135
   90 19050
  129 18325
   87 16597
   76 14958
  106 14359
  189 14574
   72 15285
  142 16428
   99 17390
   65 17782
   88 17184
   90 15727
  168 14698
  110 14375
  136 15497
  116 16994
   51 18014
  101 17912
  172 16869
  122 16147
  140 16464
  145 17803
  144 19413
   89 20333
  178 20588
  185 20579
  116 20849
  154 21611
  123 22115
  151 22258
  136 21728
  148 21249
  176 21178
  149 21553
   78 22023
  160 22021
  156 21480
   89 20666
  121 19973
  113 19315
  101 18647
  151 17913
  139 17586
  100 17836
   64 18132
  130 18013
  119 17201
   79 16261
  114 15747
   67 15433
   89 15160
   59 14332
  117 13478
  154 13073
  100 13564
   94 14895
   93 16025
   91 16455
  150 16103
  194 16025
   87 16848
  109 18377
  158 19578
  192 20157
  104 20348
  176 20933
  162 21805
   65 22274
  103 21894
  166 20553
  146 19285
  160 18832
  155 19609
  132 20999
   32 21637
  193 21220
   87 19638
  115 18284
   84 17341
  142 16975
  202 17217
   94 17735
  173 19245
  187 20698
  159 22287
   81 23075
   62 22777
   93 21166
  103 18365
  140 15894
   79 14522
  149 14866
   58 15650
  206 16630
  105 17202
   94 17891
  168 18634
   39 18650
  154 18492
   50 17260
  215 16782
  101 16544
  130 17410
  163 18737
   85 19544
  152 20148
  124 19712
  147 19630
  102 19369
  153 19496
  112 19520
   91 19263
   70 18613
   73 17227
   87 15513
   37 13535
   98 12104
   46 11015
  100 10647
  141 10835
  139 11905
  153 14011
   69 16255
  178 18329
   75 18998
  142 19033
  106 18458
   48 17733
  199 17290
   49 16503
   82 16289
  177 15969
   91 16010
  157 16574
  128 17282
  146 18591
  135 19529
   92 20055
  111 19964
  114 19090
   49 17871
  174 16675
  103 15879
   84 15883
  159 16351
   69 16739
  133 17087
  158 17074
  149 17601
  170 18681
  133 20160
  203 21885
   67 22697
   71 22618
  157 21249
  122 19288
  191 18196
   90 18097
  121 19216
  184 20125
   93 20377
  124 20253
  181 19937
  116 20023
  124 20203
   80 20095
  137 19658
   89 18545
  124 17493
  201 17111
   74 17444
  141 18600
  101 19185
  120 19283
  161 18788
  171 18602
  189 19564
   82 20938
  172 22461
   81 22547
  156 21797
  133 20486
   86 19444
  171 19139
  135 18985
  165 19561
   85 19954
  169 20595
   58 20424
  166 19856
  118 18979
  102 18337
  175 18395
   58 18356
  101 18477
   71 17538
  150 16529
  141 15616
  101 15652
  183 16904
   86 18178
  143 19413
   99 19527
  148 19318
  105 18808
   75 18238
  135 17802
   89 16988
   95 16403
  132 15830
  100 15702
   72 15739
   88 15579
   46 14911
   90 13756
  163 12786
   58 12522
  146 13443
  105 14718
   90 15938
  146 16564
   74 16598
  141 16730
  149 16771
  140 17447
   46 18049
   71 18158
  159 17461
  144 16296
  118 16005
  131 16786
  166 18375
   96 19570
   61 19804
  143 19116
  154 18032
   77 17263
  144 17202
  138 17644
  139 18357
  172 19130
  149 20068
   88 20998
  163 21493
  113 21229
  103 20421
  155 19560
  100 18895
  125 18646
  135 18445
   98 18390
  126 18268
  162 18222
   72 18249
   80 18125
   75 17422
   75 16022
   83 14229
  176 13093
  144 13375
  145 15203
   91 17605
  176 19576
   77 20217
  107 19820
  164 19000
  123 18328
  158 18536
  146 19170
  112 20211
  120 20720
  120 20527
  149 19890
  115 19174
  121 18933
  119 18877
  139 18873
   82 18640
  135 18302
  102 17851
  153 17612
  145 17731
  151 18421
  145 19602
  138 20697
  190 21694
  121 22147
   46 22135
  157 21374
   61 19646
  172 18009
   95 16728
  175 16914
  158 17990
  100 19342
  208 20822
   57 21229
   66 21123
  129 19635
  175 18004
  130 17059
   50 17086
  104 17768
  191 17877
  103 17611
  137 17661
  120 18239
   69 18857
  173 18903
  118 18294
  147 18180
  164 18654
  118 19722
  141 20723
   70 20798
  114 20192
  161 18904
  160 18102
  100 18198
  159 19100
  121 20060
   68 20212
   89 19391
  180 18072
  150 17226
  141 17535
  190 19136
   57 20778
  169 21844
  122 21461
  177 20840
  158 20532
  110 20924
  123 21597
  127 21430
   80 20596
  164 19275
  152 18430
  139 18545
  135 19395
  178 20567
   89 21329
  130 21442
  204 21198
   98 20819
   74 20644
   91 19959
  128 18752
   72 16963
  132 15620
  102 15080
  129 15395
  143 16194
  120 17077
  109 17981
  116 18442
   87 18384
   56 17485
  165 16389
   74 15315
  139 15119
  172 15723
  124 17069
   87 18523
  126 19276
   90 19134
   87 18016
  129 16772
  125 15918
  138 15985
  100 16635
  169 17721
  166 18763
   43 19502
  178 19990
   90 19617
   63 18865
   63 17350
  130 15706
   92 14335
  115 13656
  172 14297
   96 15562
   93 17120
  193 18158
  108 18684
   76 18899
   58 18492
  168 17667
  140 16607
   70 16104
   94 16368
   71 16428
   52 15750
   78 14035
  160 12588
   99 12198
  115 13251
   92 14843
  131 16167
   75 16592
  123 16412
  136 16180
   38 15939
  122 15915
   50 15235
  115 14525
  119 13722
   90 13585
  217 14583
  118 16148
  173 18602
  122 20507
   78 21629
   90 21221
  114 19430
  187 17775
   78 16716
  149 17249
  127 18154
  171 19185
  164 20004
  149 20873
   81 21753
  164 22018
  150 21630
  162 21028
  114 20857
   82 20891
  120 20590
  170 19596
  111 18654
  134 18380
   75 18609
  183 18976
   52 18627
  160 18240
   91 17718
  149 17605
  178 17994
  171 18875
  125 20518
  123 21788
  149 22520
  175 22229
  157 21892
   76 21700
  162 21760
   70 21113
  162 20115
   98 18799
   49 17794
  148 17108
  115 16299
  107 16044
  127 16039
  112 16638
  236 17691
  128 18947
  182 20937
   46 22319
  140 22790
  116 21586
  142 19692
  221 18842
   71 19036
  160 20569
  122 21289
   92 21262
  117 20169
   91 18651
   99 17425
   64 16079
  125 15219
  159 14713
  195 15402
   91 17140
  199 19571
  116 21452
  115 22282
  136 21967
  104 20884
  141 19913
   62 18726
  131 18016
  157 17324
  124 17249
  154 17908
  131 18922
  112 20007
  112 20264
  164 19998
   94 19372
  162 19111
  104 19082
  104 19154
   55 18664
   70 17350
  172 15809
   88 14492
  142 14670
  123 15663
  161 17336
  148 18779
   93 19727
  176 20470
  124 20570
  150 20751
  101 20574
   93 20279
   74 19361
  172 18019
  218 17324
  142 17983
   81 19979
  103 21564
  117 21529
  155 19991
  202 18703
   80 18700
  124 19869
  117 20579
  183 20515
  172 20123
  100 20277
  150 21168
   73 21395
  118 20821
  129 19221
  140 17936
   91 17401
   63 17267
  165 17263
  162 16990
  155 17445
  183 18865
   96 20800
  133 22282
  102 22178
  169 21190
  198 20239
  119 20283
  147 21389
  198 22539
   85 23150
  165 23060
  109 22298
  117 21418
  150 20419
   53 19342
  168 18679
   92 17832
  137 17647
  211 17892
  147 18978
   85 20601
   53 21267
   51 20338
  132 17640
  114 14762
  205 13757
  125 14965
  139 17796
  107 20191
  112 21065
   95 20396
   87 18693
  151 17264
   50 16068
   96 15587
  111 15085
   81 14653
  137 14458
  103 14529
  163 15445
   42 16238
  168 17152
   47 17139
  152 16885
   85 16338
  119 16024
  131 16199
  111 16408
  172 17267
   66 17740
  130 18443
  145 18455
  114 18361
  140 18373
  105 18458
  156 18920
  130 19102
   53 19112
   94 18584
  176 17642
   90 16764
  147 16608
  142 17271
  110 18369
  145 19248
   74 19350
  187 19288
  114 18894
  187 19279
  121 19965
  131 20915
   59 21210
  106 20269
  183 18838
  142 17599
  172 18052
  200 19771
   72 21920
  117 23091
  163 22674
  131 21389
   77 20013
  135 19147
  169 18806
  190 19002
   42 19580
  192 20507
  109 20819
   83 20481
  189 19751
   60 18823
  173 18729
  133 18553
  215 19398
  204 20800
  114 22783
   84 24437
  118 24217
   93 22363
   61 19254
  106 16507
  183 14987
   59 14732
  144 15614
  172 16830
  145 18226
  152 19641
  175 20988
  149 22314
   95 22905
  101 22652
  134 21367
  112 19656
   89 18147
  155 17341
   60 16950
   99 16767
  174 16492
  125 16478
   95 17027
  164 17919
  189 19080
   59 19862
  136 20392
  159 20316
   51 19684
   54 18506
  149 16948
  117 15610
   83 14874
  153 15162
  156 16177
   95 17454
  132 18521
  142 19108
  161 19471
  107 19696
  183 20216
  111 20681
  134 21069
   45 20680
  105 19481
  174 17914
   81 16522
  103 16248
   73 16216
  132 16350
   95 15835
  101 15361
   96 15184
  141 15344
   84 15680
   83 15814
  146 15931
  152 16077
  172 16921
  131 18350
  161 20295
  115 21665
  124 22087
   75 21299
  114 19787
  126 18158
   65 16719
   85 15820
  123 15120
  101 14745
  146 14789
  104 15358
  223 16815
   77 18337
  125 19840
   85 20237
   73 19393
  173 17968
  106 16482
  127 16418
  131 16995
  139 18134
  153 19018
  209 19937
   98 21044
  220 22432
   81 23277
   76 23231
  137 21914
  158 19980
  106 18595
   92 17889
  167 18204
  155 18561
  100 19065
  198 19767
  153 20640
  167 21827
  181 22932
  124 23805
   84 23999
  148 23133
  166 21713
   73 20197
  158 19486
  102 19117
  104 18920
   58 18146
   85 16885
   89 15320
  144 14015
  162 13919
  181 15290
  153 17993
  135 20782
  118 22587
   60 22521
  162 21155
  131 19215
  139 18165
  204 18489
  142 19909
   58 21458
  114 21823
  108 20709
  116 18702
   88 16846
   80 15794
   87 15238
   74 14576
  121 13911
  132 13532
  138 14155
  136 15617
  112 17346
  119 18661
  131 19116
   93 18869
  163 18481
  122 18253
  202 18826
  104 19745
   91 20725
  177 21131
  119 20657
   92 20017
   78 19015
  154 18247
   94 17281
  162 16869
  105 17038
   79 17588
  136 17975
  116 17659
  150 17442
   71 17239
  180 17773
  127 18255
  145 18966
   89 19491
  147 19758
  123 19681
  116 19190
  150 18960
   87 18701
   98 18635
   89 17946
  161 17184
  210 16921
   60 17582
  142 19132
  170 20247
  102 20663
   68 20152
  164 19294
  181 18750
  110 18686
  176 19595
  149 20792
  180 22126
  159 23010
  120 23516
  164 23701
  133 23303
  136 22718
   82 21672
   85 20450
   95 18772
  219 17326
  145 16913
  137 18097
  187 20346
  117 22236
  130 23142
  102 22542
  195 21631
  170 20867
  125 21020
  164 21906
  171 22765
  143 23373
  129 23331
  146 23042
   48 22125
  147 20805
   62 18845
   85 16980
   52 15178
   92 13691
  203 13049
  126 13404
   80 15260
  148 17300
  129 18742
  149 19235
   80 19039
  211 19271
  142 19716
  137 20634
  178 21665
   90 22227
   84 22183
  143 20942
  153 19513
  145 18569
  162 18865
  145 20105
  148 21457
  108 22148
  177 22175
   99 21584
   68 20738
  177 19777
  134 18800
  103 18436
  104 18363
  220 18873
  122 19423
  109 20184
   89 20621
   61 20037
   80 18291
   67 15591
  168 13645
  171 13190
  152 14887
  187 17925
  187 21197
  125 23725
  135 24800
  171 24669
  144 23794
  161 23014
   82 22381
  176 22046
  134 21463
  102 20870
  180 20503
   66 20072
  185 20084
   59 19484
  135 19099
   68 18161
   68 16977
  161 15893
   93 14865
  140 15148
  135 15887
  142 17380
   71 18398
  138 18833
  165 18769
  113 18551
  138 18869
  156 19426
  129 20160
  105 20467
  190 20598
  111 20505
   69 20322
   93 19654
   42 18040
   89 15831
  165 13761
  161 13256
  186 14852
  136 17879
  161 21111
   99 22887
  175 23222
  135 22455
  141 21675
  136 21328
  144 21224
  135 21259
   95 20889
   75 20180
   87 18741
  148 17127
  152 15986
   99 15999
  154 17149
  168 18650
  136 19988
  136 20902
  156 21495
   51 21458
  184 20940
   47 19631
  104 18322
   70 16769
   72 15273
  153 14196
   52 13347
   73 13469
  164 13668
  183 14551
  144 16091
  135 18325
   98 20471
  139 21409
   51 20643
  162 19109
  111 17556
  123 16980
  136 17228
  101 17728
  147 18374
  119 18494
  122 18704
  168 18863
  109 19195
  184 19869
  137 20484
   78 21040
  100 20863
  167 19961
  112 18842
   67 17908
   73 17304
  162 16669
   71 15826
   87 15214
  115 14956
   86 14898
  106 14897
   98 14693
   73 14627
   94 14433
  111 14211
  175 14338
   46 14803
  145 15902
  183 16964
   68 17802
  116 18432
  160 18578
  147 18819
   98 18911
  104 19127
  172 19272
   46 18842
   91 18143
  113 16932
  132 15935
  111 15451
  149 15794
  137 16956
  181 18456
  146 20041
  132 21340
  206 22455
  155 23167
  209 24063
   96 24629
   93 24799
   83 23542
   83 20898
  164 18062
   90 15915
  205 15957
  135 17223
  102 19232
  163 20709
   60 20856
  154 20330
  169 19229
  203 19262
  144 20352
   70 21929
  116 22774
   94 21629
   71 19307
  142 16806
  146 15493
  116 15692
  188 17058
  158 18947
  100 20682
  167 21792
  146 22072
  201 22179
  115 22270
  148 22787
  104 22872
   57 21974
  182 20399
  138 18600
  144 18140
  131 18664
  182 20045
  104 21113
   84 21346
  104 20650
  164 19283
   93 18030
   63 17168
  130 16789
   88 16249
  178 16006
  120 16087
  166 17313
  165 19074
  139 20830
  184 22279
   80 22745
  120 22678
  127 21527
  144 20195
  137 19179
  121 18890
   89 19143
   82 18910
  115 18045
  137 16779
  171 16262
  123 16892
  119 18397
  125 19690
  182 20332
   99 20312
  107 20137
   98 19724
  109 18886
  159 17924
  140 17322
  172 17972
   57 19034
  124 19975
  126 19700
  133 18774
   94 17892
  128 17514
  156 17788
   68 17928
  134 18133
  129 17930
  106 17798
  122 17665
  159 17776
   59 17974
   64 17796
  158 17163
  123 16238
  137 16019
  108 16570
  106 17643
  103 18178
   67 17711
  196 16972
   68 16241
  118 16462
   77 16645
   69 16461
  107 15621
  157 14587
  114 14529
   73 15182
  164 16479
  161 17462
   58 18107
  164 18597
  152 18897
  158 19434
  148 20121
  153 21120
   90 21876
  190 22069
   89 21550
  135 20824
  155 20218
   81 19723
  132 19433
   61 18578
  189 18015
   73 17178
  127 17096
  122 17229
   50 17180
  153 17047
  142 16457
   82 16512
   77 16610
  143 16798
  162 16818
   72 16799
  139 17316
  138 17867
  102 18322
  134 18458
   83 18224
  110 17933
  108 17257
  163 16838
   70 16624
   94 16794
  126 16878
  118 16608
  170 16633
   38 16760
  149 17440
   90 17448
  127 17223
   56 16526
  178 16147
  103 16187
   76 16402
  102 16702
   78 16274
  123 15694
  148 15005
   84 15155
  176 16120
   57 17132
  179 18107
  132 18429
  100 18749
  132 19052
  202 19339
  144 20051
   89 20698
   54 21040
  115 20125
  146 18270
  192 16809
  160 17101
  140 19148
  174 21747
  119 23278
  164 23646
  164 23163
   91 22582
  136 22028
   85 21022
  122 19802
  196 18635
  115 18275
  149 19062
  111 20040
  170 20925
  114 20951
   75 20473
  197 19981
  133 19450
   74 19421
  219 19671
  172 20309
  122 21346
  127 22223
  130 22622
  135 22166
  121 21044
  204 20371
  164 20466
   85 21374
  170 22293
   50 22042
   87 20756
  113 18448
  155 16540
  186 16013
   88 16889
  164 18929
  117 20299
  128 20911
   97 20379
  134 19506
   57 18491
   69 17205
   90 15727
   63 13980
  106 12740
  131 12198
  225 13269
  127 15535
  154 18754
  145 21473
  115 22817
   83 22512
   74 20732
  137 18625
  137 16755
  162 16286
   81 16902
  117 18112
   65 18500
  172 18020
  123 17155
   83 16813
   95 17054
   64 16854
  119 16171
  119 14955
  211 14892
  130 16112
   61 18243
   77 19633
  144 19278
  125 17826
   41 16214
  149 15656
  128 15648
  105 16093
  182 16809
  105 17748
  101 18853
  104 19163
  102 18696
   71 17434
  149 16197
  113 15532
  118 15667
  124 16419
   95 17141
  134 17615
   40 17268
  114 16634
   76 15426
  141 14577
  143 14386
  147 15277
  199 17379
   47 19335
  110 20732
  126 20334
  144 19157
  142 18095
  139 18035
  182 19236
   74 20337
  164 21200
   86 20858
  131 20115
  100 19000
  192 18333
   75 18198
  146 18552
  126 19022
  108 19088
  187 19232
   84 19107
  196 19741
   93 20056
   52 20234
  181 19668
  112 18522
  102 17863
   87 17307
  212 17604
  159 18152
   49 19010
  159 19983
   94 19970
   86 19271
  159 17957
  192 17409
  191 18362
  123 20368
  131 22623
  155 23672
  129 23379
   99 22170
  167 20940
   73 19942
  131 19266
  113 18502
  120 17914
  112 17528
   65 17125
  176 17025
   48 16506
  123 16366
   72 15850
   95 15384
  109 14818
   59 14121
  182 14194
  108 14495
  124 15785
  165 17195
   85 18443
  114 19183
  111 18883
  138 18358
  125 17742
   72 17489
  122 17473
  160 17329
  142 17474
  113 17977
   92 18714
  104 19027
  107 18398
  136 17356
  191 16904
   41 17254
  157 18313
  104 18734
   80 18481
  140 17687
  147 17003
  128 17213
   51 17543
   89 17802
  190 17329
  102 16674
   92 16626
  180 17259
   63 17989
  162 18522
  156 18577
   77 18776
  101 18890
  165 18712
  195 18733
   52 18821
   95 19368
  181 19477
  116 19054
   91 18538
  126 18180
  170 18344
  144 18677
   59 19044
  204 19579
  139 19861
   79 20112
  118 19981
  170 19616
  113 19238
  191 19227
  157 19996
   64 20991
  174 21707
  180 21577
   97 21223
   90 20785
  129 20305
  165 19622
  108 18839
  185 18888
  101 19454
  185 20552
   53 20952
  162 20829
  164 20230
   67 19555
  156 19415
   82 18908
  166 18828
  130 18400
  192 18861
  141 19910
   83 21078
  181 21951
  144 21715
  165 21553
  188 21657
  180 22686
  133 23983
  118 24674
  104 24246
  142 22664
  129 20770
  101 19287
  170 18747
  101 18731
  156 19176
  119 19432
   97 19571
   60 19095
  120 17944
  213 16928
  137 16693
  141 18130
  106 20003
  134 21341
  145 21295
  171 20633
  167 20526
  113 21107
  109 21897
  155 21902
  110 21096
  131 20074
  192 19579
  134 19874
  126 20741
  153 21502
   99 21681
  140 21225
   59 20055
  103 18714
   81 17034
  124 15624
  109 14757
  124 14711
  108 15458
   45 15995
  115 16106
  167 15598
   76 15289
  172 15839
  177 17177
   49 18729
  127 19688
   92 19347
  122 18331
  100 16941
  170 16413
  151 16891
  174 18326
  137 20253
  178 21952
   53 22761
  112 22323
   80 20541
  181 18455
   57 16800
  178 16458
  167 17251
  118 18574
  103 19926
  135 20373
  149 20339
  173 19908
  186 20303
  113 21324
  106 22461
  166 22724
  156 22085
  124 21286
  173 21077
  171 21558
   60 22011
  173 22101
  199 21704
   61 21248
  166 21140
   70 20689
  117 20027
  111 18607
   49 17082
  146 15983
  156 15339
   98 15783
  156 16789
  202 18423
   88 19994
  152 21198
  191 21866
  162 22300
   91 22557
   82 22380
  102 21333
   46 19011
   60 16174
  151 13713
  136 12678
   96 13293
  150 15028
  136 16962
   92 18317
  154 18936
  138 19060
  118 19176
  133 19346
  133 19538
  186 19867
   79 20073
  173 20556
  164 20846
  123 21188
   35 21062
  108 20124
  107 18374
   73 16140
   62 14396
  110 13326
  145 13182
  150 13791
  151 15418
   89 17442
   67 18927
  109 18892
   67 17341
  136 15532
   88 14280
  127 14295
  192 15279
  150 16946
  197 19338
   62 21308
  116 22536
  124 21912
  182 20484
   87 19177
   87 18616
  132 18583
  189 18401
  136 18530
  132 19186
  182 20573
   82 21554
  124 21799
   56 20634
  165 19096
  152 17670
   97 17219
  133 17822
   66 18279
   94 18252
  105 17022
  123 15777
  130 15158
  165 15695
  205 17476
  159 19840
  116 22238
   96 23477
  170 23285
   97 21803
   92 20085
  197 18989
  166 18834
  143 19781
  177 21249
   82 22513
   53 22544
  159 21084
  170 19074
  145 17990
  175 18644
  123 20420
   92 21868
   75 21729
  200 20433
  160 19020
  169 19029
  200 20654
  141 22900
  106 24570
   58 24275
  103 22297
  168 19424
  112 17216
   80 16480
  153 16872
  113 17503
  110 17817
  160 17935
   65 17990
  147 18183
  121 18034
  113 17947
  123 17853
   97 17786
  120 17770
   90 17298
  130 16945
  111 16547
  110 16515
   66 16495
   89 16170
  114 15498
   50 14472
  122 13810
  171 13714
  151 14739
  114 16573
  164 18735
  137 20420
  142 21261
  161 21540
  149 21658
  147 21959
   85 21980
  203 21897
   71 21186
  139 20596
   96 19726
  135 18968
   87 18191
  145 17540
  171 17592
  120 18057
   93 19058
  204 19855
  133 20408
  182 21029
   98 21631
  103 22045
  114 21548
  112 20056
  137 18538
  146 17572
  132 17868
   87 18526
  148 19138
   91 18992
  156 18604
   69 18013
   95 17577
  128 17047
   80 16280
  217 16188
   51 16351
  134 17472
  145 18177
  109 18554
   90 18480
  164 18146
  148 18276
  107 18507
  164 19277
  178 20101
  166 21186
   64 21940
  172 22341
  122 21824
   65 20690
   75 19096
  145 17405
  134 16241
  124 15859
  127 16603
  192 18021
   73 19328
   98 19992
   92 19503
  172 18451
  142 17566
  163 17753
  179 19292
   92 21035
  162 22393
  128 22366
  127 21775
  166 21023
  119 20603
  185 20858
   72 20957
   98 20930
  102 19906
  110 18327
  177 17075
   90 16530
   73 17059
   72 17186
  125 16633
  184 15731
   64 15333
  164 16335
  159 17746
   93 19093
  111 19675
  104 19363
  125 18695
  134 17771
  130 17452
  199 18019
   90 19108
  121 20332
  126 20658
   81 20045
  146 18951
  193 18105
  171 18589
   94 19933
  165 21610
   95 22212
  122 21664
   45 20000
  163 18256
  129 16912
  109 16468
  118 16927
  108 17470
   85 17781
   89 17155
  150 16402
  183 16093
  100 16814
  110 18234
  104 19235
   76 19082
  139 17939
  177 16848
  139 16957
  100 18123
  133 19539
  157 20271
  147 20320
   76 20070
  102 19731
   40 18701
  180 17253
   65 15563
  192 15168
  101 15863
   80 17190
  149 18207
  130 18215
   96 18123
  143 17849
  104 17998
  159 18232
   69 18268
   96 18141
  147 17654
  149 17212
  130 17388
  151 18200
   72 19278
  168 19900
   75 19543
   88 18660
   95 17402
  190 16494
  208 16697
  125 18147
  162 20810
  123 22824
   91 23454
  119 22261
  127 20282
  126 18661
   88 17698
  199 17765
  107 18177
  115 18962
  173 19655
  114 20031
  106 20200
  156 19953
  108 19667
  164 19465
  113 19414
  101 19546
  186 19657
  100 19571
  166 19810
  119 19951
   45 20019
   71 19157
  150 17403
   97 15633
   97 14613
   74 14616
  117 14970
   55 14852
  155 14528
  116 14382
  151 15121
   69 16329
   54 17108
  153 17066
   99 16042
  106 15406
  108 15218
  144 15872
   49 16343
   86 16335
  103 15687
  107 14744
  165 14429
  116 14930
  125 16471
  103 17863
  209 19006
   84 19434
   46 19477
  152 19045
   99 17871
  108 16801
  117 15991
  135 16172
  128 16783
   37 17192
  153 17320
  113 16772
   94 16378
   84 16037
   99 15799
   92 15475
  111 14884
   98 14564
  181 14849
  159 16019
  143 17935
  116 19916
  121 21161
  150 21365
   86 20514
  200 19847
  107 19444
   89 19653
  173 19825
  121 19657
  182 19801
   92 19904
  163 20611
  164 21035
   59 21052
  165 20832
   60 19781
  165 18994
  183 18252
  131 18590
  152 19894
  126 21151
   79 21809
   74 20811
  131 18970
  106 16920
  139 15803
  159 16019
  169 17419
   90 19172
  141 20519
   95 20745
   88 19890
  121 18458
  147 17178
  172 16980
  126 17776
   62 19076
  183 19933
  146 19941
  145 19847
  134 20058
   93 20541
  148 20775
  119 20157
   89 19311
   95 18291
  121 17440
  162 16899
   96 16732
   51 16995
  141 17117
   89 16616
   98 15865
  152 15365
  160 15809
  182 17327
   46 18989
  165 20452
   59 20326
  101 19205
  135 17479
   88 16087
  190 16036
   51 16347
   77 17145
  119 16950
   99 16167
   77 15169
  107 14398
   81 14242
  156 14358
  170 15044
  109 16357
  161 18255
   92 19726
  169 20591
  167 20622
   52 20428
  113 20138
  141 19312
  100 18336
   47 17094
  126 16184
  141 15562
  160 15569
  102 16379
   69 17517
   80 18046
   62 17066
  110 15194
  142 13538
  145 13451
  118 14846
  117 16863
  155 18546
  141 19409
  189 20082
   83 20631
  162 21354
   52 21198
  134 20311
  147 18863
  190 18057
  227 18989
   63 20856
  125 23011
  115 23204
   75 21715
  120 19190
  164 17190
  103 16629
  140 17153
  196 18450
  110 19730
   96 20706
  171 21033
  138 20800
  118 20399
   75 19906
  129 19376
  145 18574
  184 18149
   80 18379
  126 19223
   93 19667
   72 19003
  144 17625
  163 16414
  124 16508
   79 17380
  120 18386
  189 18765
  155 18881
  202 19791
  145 21500
   88 23282
  102 23708
   96 22229
  108 19722
  156 17449
   76 16356
  135 16474
  127 16980
   80 17367
  158 17521
  139 17564
   62 17815
   45 17590
  112 16700
   66 14985
  133 13453
  218 13306
  141 14982
  180 18216
  157 21421
   58 23387
  175 23545
  116 22145
  124 20637
   82 19287
  154 18648
   94 18133
   71 17498
  121 16902
   95 16041
  183 15837
  164 16281
  121 17890
   81 19581
  102 20314
   98 19530
  126 17774
  118 16381
   64 15755
  100 15740
   71 15378
  102 14682
   72 13717
  143 13320
  141 13702
   80 14734
  189 16353
  114 17688
  103 18866
  144 19337
  124 19365
  133 19247
  117 19000
  175 19240
  182 19783
  176 21003
  144 22555
  195 24063
   57 24651
  118 24029
   60 21891
   95 19058
   90 16257
  173 14540
  155 14630
   98 16011
  110 18000
  113 19004
   76 18797
  135 17660
  146 16688
  148 16691
  146 17721
  186 19446
  170 21297
  112 22708
   94 23250
  146 22626
  167 21352
  136 20268
   98 19943
   97 19980
  101 19546
  148 18488
  115 17379
  179 17278
  142 18202
  157 19830
  134 21266
   79 21818
  147 21499
  210 20631
   92 20150
   70 20120
  163 20141
   97 19521
  137 18625
   57 17627
  185 17383
  155 17504
  130 18262
  139 19460
   99 20331
   96 20594
  108 19528
  197 18426
  140 17909
  145 18784
  104 20170
  141 21143
   71 20871
  165 19799
  206 19002
   70 18985
  147 19955
  148 20603
   71 20660
  114 19800
  110 18495
   94 17331
  100 16312
  132 15833
   70 15594
  139 15694
  120 15912
  150 16451
   84 17118
   98 17690
  156 17923
   79 17542
   96 17166
   92 16511
  180 16272
  107 16250
  144 16991
   69 17899
   91 18318
  166 18003
  134 17248
  224 17698
  125 19157
  149 21575
  187 23351
   83 23873
   97 23247
  116 21476
   97 19506
  134 17683
   60 16430
  157 16109
  150 16234
  126 17030
   99 18014
  170 18952
   82 19408
  165 19418
   94 19130
  144 18984
   78 18730
   86 18172
  193 17635
   85 17012
  146 17393
   84 17753
  152 18380
  111 18391
  112 18185
  136 18129
   72 17854
   81 17562
   97 16527
  134 15537
  173 15115
  198 16150
  176 18692
   88 21537
  114 23364
   70 22885
  182 20956
   85 18610
  181 17654
  132 18003
   38 18809
  174 19342
   49 18465
  123 17483
  111 16165
  162 15895
  174 16597
  145 18139
  149 20327
  100 21684
   79 21961
   63 20434
  162 18206
   66 16030
   98 14930
   67 14515
  105 14349
  116 14097
   75 13773
  136 14082
   50 14336
   72 14603
   82 14044
   82 13123
   93 12318
  146 12168
  124 13093
   51 14406
   75 15460
  132 15520
  146 15087
   69 14836
  123 15355
  193 16408
   96 17489
   94 18415
  119 18753
   84 18427
   68 17292
  182 16094
  170 15740
   92 16613
   63 18010
  130 18728
  126 18249
  112 17186
  186 16868
  144 17671
   65 19104
  155 20094
   39 19693
  126 18451
  147 16835
  148 16199
  150 16892
   71 18161
   92 19238
  134 18890
  131 17914
   65 16838
  129 16422
  115 16395
   89 16363
  198 16582
  109 17066
  134 18259
  112 19222
  175 19953
   48 19832
  120 19252
  127 18356
  188 17702
  150 17998
  149 19242
  169 21200
   57 22280
  114 22235
  175 20819
  151 19515
  117 19082
  154 19670
  209 20903
  164 22097
  152 23346
  100 24103
  113 23992
  187 22889
  102 21269
  173 20437
  120 20286
   94 20600
  106 20333
  194 19606
  113 19003
  150 19090
   76 19611
   79 19674
  142 18856
  133 17472
  112 16746
  154 16951
  160 18125
   84 19238
  118 19869
   82 19484
  103 18368
  158 17082
   78 16219
  137 16322
  138 16822
  119 17612
   99 18098
  151 18375
  108 18450
  178 18601
  183 19247
  141 20471
  161 22074
   39 22795
  189 22615
  108 21086
  103 19666
  146 18721
   55 18116
  180 18041
  122 17613
  100 17825
   79 17874
   86 17599
  104 16715
  101 15318
   92 14474
  148 14344
  119 15020
  165 16298
  160 17872
   83 19383
  159 20496
  179 20868
  152 21138
  150 21583
  124 22243
  229 23019
   88 23183
   72 22969
  171 22040
   44 20314
  106 18480
  133 16610
  110 15768
   90 15596
   57 15624
  150 15658
  101 15202
  107 15158
   97 15337
   91 15682
  160 16023
  126 16188
  108 16823
   84 17429
   61 17543
  149 16864
  167 15943
  133 16043
  146 17395
   94 19162
  180 20491
  129 20719
   98 20525
  195 20411
   50 20130
   73 19697
  122 18337
   99 16733
   94 15363
  113 14667
  158 15057
  104 15825
   87 16815
  142 17452
  122 17624
   93 17562
  197 17688
  177 18428
  123 19861
   94 21239
  186 22020
  117 21779
  148 21185
  142 20776
   96 20624
  138 20534
  179 20165
   40 19698
  145 19285
   95 18594
  132 17909
  112 17212
  145 17084
  150 17679
  152 18604
   62 19580
  129 19854
  136 19407
  118 18543
  150 18090
  165 18394
  176 19647
   91 20909
   65 21560
  122 20847
  151 19168
   82 17474
   77 16472
  172 16365
  140 16665
  129 17401
  204 18680
   43 19966
  118 20786
   60 19925
  108 18093
   81 15802
  169 14439
  164 14703
  131 16231
  113 18516
  176 20218
   85 20936
   98 20560
  141 19610
   89 18425
  110 17535
   79 16676
  150 16292
  199 16378
   78 17185
  185 18819
  161 20331
  124 21609
  143 22118
   68 21790
  159 21074
  142 19811
  175 19325
  138 19627
  115 20637
  103 21383
   83 20815
  157 19516
  119 17965
  125 17408
   98 17534
  166 18120
  109 18507
  175 18931
  128 19494
  167 20355
  175 21386
  148 22278
  100 22928
   72 22552
  189 21513
  156 20015
  135 19453
  199 20166
  127 21593
  155 23002
   82 23175
  133 22478
   95 20833
  155 19246
  196 18524
  155 19017
  133 20721
  110 22144
  103 22538
   78 21230
  138 19172
  132 17345
  157 16782
  175 17655
  177 19539
   88 21475
  131 22561
  138 22353
  156 21352
   83 20253
   80 19386
   80 18390
   80 16780
   76 14886
  175 13551
   82 13388
   49 14151
   73 14744
  128 14531
  150 14022
  131 14126
  169 15741
  102 17904
  172 19963
  138 20944
   85 21097
  143 20755
   84 19819
  118 18837
   56 17414
   95 16189
  119 15031
  156 14499
   66 14775
  151 15724
  195 17111
   48 18194
  116 19001
  163 19006
  166 18973
  148 19186
   44 19732
  141 20234
  152 19735
  103 18859
  184 18406
  155 18905
  100 20175
  186 21245
  118 21693
   60 21420
  139 20445
  114 19056
  135 17905
  104 17234
  107 17313
  104 17433
  112 17255
   91 16781
  146 16326
  156 16458
  107 17152
  171 18402
  145 19610
  132 20675
  110 21117
   61 20739
  170 19763
  129 18414
  100 17736
  166 17857
  119 18507
  102 19194
  108 19184
  100 18664
  138 17832
  114 17119
   70 16812
  176 16886
   59 16870
  179 17162
   59 17129
  153 17455
