  152   608
  102  2232
   98  5416
  117  9362
  136 13034
   94 15533
  117 16680
  207 17466
  161 18382
  158 20109
  143 21959
  178 23487
  139 24068
  189 24085
   88 23719
  168 23346
  128 22678
  149 21933
  184 21533
  122 21509
  131 22018
  143 22084
   88 21680
  135 20673
   41 19154
  177 17904
  105 16786
  165 16769
  109 17456
   59 18254
  102 18478
  121 17412
  137 16355
  103 15680
   97 16074
   94 16581
  125 16698
  149 16531
   85 16450
  101 16804
   95 16959
  162 16910
   90 16604
  180 16927
  110 17729
  150 18915
  158 19956
   79 20396
  149 20562
  140 20065
  170 19933
  112 19930
  129 20407
   82 20521
   68 19673
  179 18302
   50 16622
  160 16064
  101 16018
  109 16634
  168 17264
  127 17793
   67 18448
  127 18550
  171 18490
   91 18099
  192 18358
  119 19058
  198 20415
   88 21392
   63 21667
   90 20670
  147 18610
  149 16890
   55 15937
  166 16530
  112 17237
   56 17661
  168 17507
  118 17091
   61 16978
  119 16786
  103 16497
  143 16189
  137 16149
  112 16828
  109 17748
  139 18431
   79 18462
  160 18130
   64 17599
  188 17549
  163 17865
  122 18839
  132 20139
  180 21124
  157 21886
  115 22067
  137 22219
   76 21697
  144 20733
  136 19353
  110 18393
  177 18341
   65 18658
  143 19201
   90 18891
  108 18273
  126 17411
  167 16991
  177 17657
  127 18989
   76 20567
   78 20901
  107 19719
  141 17633
  146 16154
  134 16235
  126 17564
  122 19023
   43 19427
  179 18892
   86 17665
   98 16851
   62 16220
   36 15391
  199 14513
   79 13514
  127 13961
   94 14935
  142 16359
  116 17177
   43 17135
  174 17055
  101 16529
   63 16406
  120 16119
  116 15864
   95 15678
   75 15347
  153 15394
  153 15657
  137 16581
   87 17816
  188 19104
   32 19524
   65 18921
   48 16995
  140 14672
  146 13054
  103 12910
  190 14799
  105 17107
  159 19448
  179 20733
  135 21580
  154 22257
  180 22752
  186 23425
  108 23793
  111 23905
  134 23198
  201 22071
   78 20946
  176 20647
   88 20619
  105 20476
   76 19477
   89 17767
   95 16050
   69 14419
  145 13778
  163 13885
   45 14894
  150 16238
   99 17014
   77 17151
  141 16684
  129 16260
  158 16631
   99 17384
  167 18699
  160 19722
  172 20746
  142 21738
  155 22629
  113 23145
  117 22775
   95 21595
  159 20067
  166 19034
  136 18972
  141 19883
  149 20969
  198 21956
  146 22541
   58 22822
  115 22425
  145 21067
  150 19453
  116 18393
  200 18776
  165 20145
   80 21581
  172 22467
  103 22166
  121 21342
   62 19832
  156 18523
  165 17618
  197 17849
   72 19138
  179 20833
  127 21892
   70 21670
  104 20494
   43 18398
  176 16645
  111 15158
  145 15300
  119 16385
  112 17862
   81 18679
  102 18215
  115 17224
   44 15827
   96 14817
  127 13983
  111 13744
  175 14390
  198 16137
   50 18431
  171 20461
  179 21383
   61 21314
  171 20899
  160 20443
  161 20666
   57 20775
  150 20920
  180 20582
  137 20166
   82 20139
   66 19890
  107 19126
  100 17308
  117 15560
  166 14864
   49 15333
   94 16287
  185 16763
  120 16913
  133 17413
  196 18551
  189 20405
   86 22063
  182 23267
   91 23293
  192 22736
  103 21712
  122 21008
  169 20675
  101 20315
   73 19999
  106 18962
  178 18043
  157 17431
  168 18133
  139 19866
   53 21400
  127 21683
  181 20496
  188 19423
  115 19480
  108 20649
  133 21616
  155 21479
  157 20775
   83 20140
  182 20273
  166 20612
  211 21449
   94 22385
  140 23374
  161 23666
  144 23044
  157 22332
  175 21964
  196 22651
  104 23458
  108 23960
  148 23399
  110 21951
  150 20456
  152 19514
  221 19962
  113 21156
  175 22807
  126 23773
  168 23955
  145 23487
  159 22895
  175 22844
  149 23015
   77 23219
   85 22490
  101 20752
   49 18080
  195 15862
   80 14622
   46 14764
  132 15229
   68 15133
  131 14791
   44 14036
  110 13933
  187 14106
  148 15004
   88 16658
  113 18250
  120 19228
   88 18812
  121 17758
  164 16954
   59 16774
   70 16902
  187 16845
  124 16633
  183 17185
  110 18401
  120 20063
  147 20967
   40 20510
  143 19358
  112 17684
  100 16729
  196 16561
  120 17246
  117 18659
   94 19520
   52 19421
  109 18016
   67 15802
  138 14194
   49 13235
   89 13274
  141 13552
   53 13678
  166 14207
  143 14858
  149 16423
  107 18026
  163 19540
   71 20193
  124 19906
   56 18772
  135 17303
   97 15993
  136 15362
   94 15531
  105 16008
  143 16647
  157 17058
  181 18053
  107 19327
  113 20758
  182 21462
  167 21530
   91 21379
   89 21128
  131 20566
  115 19363
  151 18190
  134 17710
  191 18496
  144 19969
  123 21488
  138 22357
  122 22231
  128 21491
  155 20508
  130 19987
  161 20081
  153 20614
  167 21435
   53 21834
  162 21757
  128 20866
  101 19747
  138 18929
  158 18614
  215 19346
   73 20304
  176 21728
  125 22293
   86 22046
   90 20806
  104 18917
   75 17108
  115 15473
  106 14629
  113 14467
  181 15214
   57 16222
  207 17674
  147 18823
  145 20168
  100 21096
   33 21042
  159 20043
  117 17918
  205 16938
   82 17069
   92 18466
  161 19517
   99 19351
  128 18806
  106 18015
  103 17828
   60 17301
   50 16226
   65 14498
  188 12906
   72 12268
  158 13266
  123 15172
   90 17091
   73 17947
  116 17460
  151 16629
  140 16073
   72 16527
  122 17327
  112 17742
  102 17469
  169 17072
   98 17010
   90 17511
   90 17656
  163 17442
  158 17127
  183 17709
  128 19362
   71 21031
   92 21529
   82 20047
  146 17757
  162 16020
  124 16049
  173 17646
   99 19482
  112 20687
  224 20943
  194 21140
  138 22115
  164 23633
   88 24662
  136 24328
  146 22670
  102 20802
   89 19378
  121 18410
  117 17689
   74 16853
  101 16203
  119 15663
  107 15376
  158 15574
  155 16409
  106 17799
  115 19100
  141 19743
   95 19531
  168 19050
  143 18809
  128 19219
  127 19890
  148 20417
  131 20593
   97 20301
  170 20057
   94 19610
  168 19538
   88 19355
  100 19221
  136 18790
   57 17842
  199 17280
   55 16649
  177 17133
  186 17899
   70 19030
  124 20077
   73 19863
   90 18921
  132 17023
  123 15714
  106 15426
  139 16044
   75 16910
  192 17601
  136 18072
   39 18518
  176 18889
   82 18534
  171 18274
   90 17776
  107 17930
  126 18052
  140 17939
  101 17895
  129 17780
   92 17924
  153 17929
   77 17704
  155 17592
  113 17564
   70 17583
  166 17662
  115 17443
   63 17415
  156 17272
  106 17151
  124 17162
  110 17171
  190 17707
   76 18270
   75 18692
  150 18596
  118 17853
  128 17378
   50 16956
  110 16899
  115 16348
  170 15912
  196 16355
   85 17850
  111 19916
  185 21036
  140 21179
   85 20709
   76 20045
   99 19062
  136 17579
   69 16021
  116 15187
  148 15179
  121 15857
  173 17026
   94 18206
   70 19151
  143 19126
  139 18365
  180 17908
   54 18003
  151 18910
  178 19511
   95 19718
  147 19888
   81 19715
   82 19400
  176 18419
  113 17481
  143 17397
  103 17894
  103 18659
  158 18855
  140 18660
  160 18909
  150 19637
   71 20599
  172 21088
  114 20643
  181 20218
  129 20030
  129 20528
  138 21107
  149 21215
   88 20943
  143 20284
   80 19491
   92 18475
   93 17227
  212 16386
   68 16216
  113 16926
  105 17678
  158 17986
  131 17983
  169 18226
   66 18998
  156 19720
  149 19980
  105 19689
  150 19562
   62 19245
  165 19158
   81 18385
  150 17942
   75 17449
  106 17208
  101 16874
   42 15933
  123 15057
   87 13911
   97 13519
  164 13702
   73 14511
  116 15679
  144 16486
  188 17399
  135 18434
   48 19533
  100 20071
  142 19234
   76 17622
  139 16257
  179 16084
   51 16855
  103 17751
  120 17807
  101 17194
   94 16271
  104 15630
  174 15711
  140 16318
  150 17739
   57 19022
   53 19454
  121 18379
   68 16091
  205 14527
  165 14521
   96 16524
   83 18780
  164 19996
  132 19870
  161 19271
   90 19190
   81 19380
  138 19216
   77 18123
  188 17205
  132 16865
  150 17943
  124 19388
  167 20691
  193 21640
   68 21943
   88 21973
   81 20748
  200 19109
  127 17562
  123 17446
  112 18441
  165 19550
  137 20152
  183 20390
  198 21230
  151 22607
  101 24007
   99 24190
  148 23050
   92 20881
  110 18927
  154 17763
   72 17337
   68 17146
   84 16400
  114 15294
   98 14158
  172 13970
  166 15090
   49 16900
  134 18584
  129 18995
  110 18580
  124 17869
  127 17593
  182 18080
  120 18824
  174 20054
  133 21062
  168 21989
  104 22323
  167 22246
  169 22032
   51 21548
  128 21055
  163 20035
  160 19371
   39 18882
  211 19177
   75 19277
   94 19132
   98 18363
  119 17273
  140 16567
   66 16010
   89 16120
  169 16078
  109 16220
  179 16839
   78 17763
  122 18928
  101 19167
  191 18873
   81 18400
   44 18039
  138 17735
  152 16913
  127 16507
  121 16717
  102 17731
  110 18477
  175 18634
  147 18571
  138 19056
  166 20195
  130 21368
  148 22095
  110 22017
  150 21598
   97 20784
  158 20112
  172 19773
  122 19946
  185 20836
  114 21611
  191 22467
  162 22812
  110 23071
  110 22957
  148 22222
  160 21297
   57 20126
   74 19210
  173 18195
  106 17188
   61 16511
  164 16373
  178 16865
  131 17879
  188 19446
   61 20892
  142 21762
  141 21301
  237 20723
  200 21055
  135 22792
  142 25074
   84 25746
  113 24585
   72 21570
  153 18708
  107 16732
   59 15979
   87 15782
  197 15639
  124 15820
   82 16504
  166 17775
   36 18411
  129 18307
   72 16980
  171 15967
  124 15588
  102 16225
  188 17659
  116 18792
  119 19907
   49 19824
  119 19097
   81 17387
  164 15879
  198 15616
  122 16881
  148 19375
  161 21427
  110 22500
   99 22163
  110 20966
  151 19569
  146 18541
   74 18203
  101 18255
   91 17902
   57 16816
  161 15455
   70 14371
  140 14454
  122 15113
  126 16243
  178 17487
   36 18248
  101 18702
  150 18058
   98 17167
  122 16522
   79 16304
   98 16491
  143 16309
  118 16126
   69 16111
  163 16455
   95 16821
  168 17312
   98 17729
  168 18533
  152 19391
  143 20247
   93 20924
  123 20909
  177 20587
   72 19719
  167 19372
  132 19181
   79 19304
  102 19055
  117 18249
  125 17375
  177 16879
   79 17238
  150 18227
  153 19120
  102 19635
  132 19756
  123 19527
  137 19400
  178 19328
  158 19849
   62 20570
  133 21003
   93 20371
   97 18895
   94 17129
  166 16059
  186 16247
  160 17685
  117 19951
   94 21634
  174 22179
  132 21402
  116 20468
  133 19925
  164 19950
  105 20091
  126 20094
  101 19819
   99 19149
  117 18195
  186 17466
   76 17327
  112 17811
  117 18205
   56 17853
  139 16995
  189 16210
  117 16549
   98 17724
  116 18969
  124 19357
  110 18755
   78 17757
  193 17228
   85 17106
  127 17629
   63 17817
  106 17573
   88 16608
  114 15375
  200 15081
   37 15433
   84 16562
  186 17077
  117 17188
   63 17140
   84 16978
   73 16521
   84 15238
   78 13636
  109 12533
   98 12312
   88 12846
  183 13908
  133 15216
  112 16940
  103 18365
   79 18908
   87 18224
  108 16634
  210 15627
  141 15879
  162 17879
  188 20568
   80 22620
  100 23256
  104 21993
  120 19922
  166 18032
  132 17360
  180 18282
  163 19956
  141 21800
   67 22649
  171 22447
   65 21071
   76 19194
  135 17370
  105 15983
  118 15544
  190 15920
  207 17582
  120 19843
  135 22176
  105 23288
  108 22771
   62 20766
  153 18460
  194 17047
   69 16934
  119 17964
  161 18861
  159 19486
  105 19679
  154 20036
   88 20284
  161 20255
   76 19625
  126 18846
  182 18352
  135 18400
  156 19359
  124 20399
  100 21272
  103 20972
   71 19603
  172 17979
   89 16609
  230 16816
   95 17898
  155 19795
  213 21497
  143 22626
  135 23587
  115 23658
  119 23270
   74 21616
  130 19634
   75 17609
  167 16447
  144 16286
  118 17083
  139 18414
  102 19331
  161 19846
   52 19332
  143 18761
  137 17973
   84 17487
  120 17348
   95 17080
  184 17233
   93 17240
   75 17642
   94 17643
  117 17040
  130 16206
   51 15348
   73 15055
  110 14611
   67 13920
  161 13444
  100 13532
  174 14896
  126 16674
  129 18539
   79 19599
  147 19661
   59 18839
  128 17605
   93 16500
  143 15919
  136 16082
  121 16760
  114 17828
   92 18344
  177 18603
  192 18670
   56 19186
  181 20188
  177 20978
  139 21622
  139 21999
  114 22183
  148 22144
   65 21159
  162 20053
   64 18584
   77 17442
  185 16606
  133 16218
   92 16805
  175 17841
  107 18981
  126 19618
  110 19558
  104 19110
  183 18663
   48 18155
  122 18049
  143 17684
  128 17556
   94 17530
  103 17562
  129 17674
  136 17446
  173 17651
  192 18590
  155 20474
  186 22747
  174 24573
  143 25581
  128 25592
  118 24694
   74 22968
  123 20746
  129 18613
  233 17695
  108 18209
  149 20063
  174 21927
  122 22892
  111 22861
  155 21996
  138 21204
  141 20587
  102 20328
  142 20214
   62 19683
  132 18838
  153 17843
  191 17630
   78 18363
   71 19347
  119 19586
  117 18474
  154 17200
   89 16443
  119 16893
  108 17438
   85 17510
  150 17122
  120 16664
  147 16999
  108 17670
  158 18680
   37 19024
   83 18536
   83 17012
   98 15037
  163 13817
   74 13599
   92 14636
   53 15259
   80 15092
   96 13896
  138 12832
  116 12882
  140 14111
  160 16180
   65 17888
  104 18822
  139 18569
   97 17750
   99 16925
  208 16812
  121 17499
   94 18675
   64 19356
  111 18943
   83 17350
   55 15280
  165 13979
  121 13647
  159 14824
   84 16412
  130 18042
   64 18553
   60 17745
  196 16467
  121 15424
  160 16102
   91 17509
  147 19246
   48 19661
  107 18830
  174 17508
  126 16576
  180 17259
   86 18536
  132 20099
   72 20252
  168 19546
  129 18452
   67 17766
  115 17701
   52 17089
  146 16339
  164 15425
   70 15471
  145 16447
  162 17626
  108 18691
   89 19072
  102 18916
   83 18082
   89 16670
   80 15181
   93 14016
   91 13378
   87 13166
  185 13570
   59 14287
  145 15606
   98 16566
   66 17000
  157 16839
   56 16063
  187 15994
  116 16116
  149 17311
  110 18499
  128 19407
  124 19767
   98 19254
  173 18925
  130 18616
  124 19045
  144 19604
  120 20060
  107 20101
  103 19526
  113 18691
  154 17873
  106 17461
  146 17741
  178 18531
   73 19407
  193 20284
   91 20471
  108 20421
  119 19717
  139 18885
  126 18326
   86 17932
   80 17838
  117 17223
  166 16611
  116 16319
   74 16754
  128 17458
  155 17823
  118 17866
   69 17795
  189 18062
  152 18435
   55 18834
  130 19074
   86 18634
  174 18041
   53 17084
  174 16981
  156 17395
  114 18326
  106 19312
   35 19239
  140 18492
   73 16527
  140 15148
  131 14621
   72 15205
  163 16377
  109 17051
   81 17545
   69 17210
  183 16765
  118 16316
  143 16632
  189 17975
  177 19918
   55 21670
  127 22303
  136 21610
  110 20048
  140 18733
   93 17999
  147 18111
  149 18329
   69 18551
  213 18929
  105 19210
   92 19716
  114 19634
  119 19057
  160 18365
  157 17984
  178 18930
  105 20341
   80 21519
  191 21623
   64 20491
  107 19235
  155 18107
  147 17765
  150 18208
  154 19211
  140 20633
  114 21499
  114 21623
  164 21004
  190 20452
  123 20572
  194 21600
  100 22617
  112 23064
  111 22240
  201 20943
  179 20197
   89 20431
  180 21647
  136 22368
  168 22721
  176 22597
  100 22633
   98 22612
  176 21992
  185 21238
  178 21024
   92 21729
   85 22522
  190 22398
   70 20994
  115 19442
  100 18056
  189 17612
   66 17460
  102 17605
  157 17803
   69 17540
  165 17510
  152 17437
   82 18059
  115 18613
  154 18841
  176 18964
  122 19204
   97 19932
  130 20421
  114 20131
  128 19284
  103 18294
   87 17673
   94 17125
   87 16303
  112 15390
  177 14948
   58 15233
  158 16325
  147 17411
  102 18332
  126 18864
  109 18890
  173 18970
  133 18888
   96 19241
  165 19687
   45 19609
  133 19120
   57 17660
  102 16245
   72 14798
   81 13687
  149 13299
  135 13470
  173 15005
  134 17059
   97 19274
   89 20327
   89 19774
  152 18296
  163 16991
   96 16917
  116 17810
   93 18555
  151 18650
  199 18396
   37 18381
  179 19135
   81 19398
  137 19374
  123 18664
  134 18194
  158 18442
   87 18755
  127 19353
  135 19210
  174 19195
  131 19313
  172 20125
   84 21032
  173 21617
   82 21284
   98 20308
  173 19224
  139 18440
  235 19074
   88 20323
   58 21897
   82 21769
   80 19679
   97 16597
  145 14080
  187 13867
  119 15461
   68 17819
  118 19264
  161 19273
   86 18387
   74 17476
   85 16740
  176 16214
  119 15866
  136 16332
  123 17499
  153 18875
   81 19621
  185 19770
  124 19657
  146 19836
  111 20185
  193 20613
  132 21008
  130 21311
  113 21526
   74 20975
  110 19802
   53 17704
  119 15826
  102 14330
   76 13771
  200 14200
  107 15183
   61 16631
  133 17513
  156 17783
   67 17497
  160 17319
  150 17630
   91 18231
  159 18936
  165 19462
  116 20041
   91 20319
  160 20363
  123 19908
   70 19191
  137 18513
   81 17667
  192 17283
   63 16978
  202 17642
  175 18738
  140 20329
  144 21961
  150 22849
   88 23036
  155 22133
  180 21184
  188 20859
   81 21380
   75 21938
  192 21736
  146 20621
   77 19644
  135 19193
  108 19068
   88 18629
   63 17470
  125 16163
  118 15094
   78 14615
  149 14910
  133 15595
  159 16854
  145 18233
  119 19645
  168 20786
   80 21072
  202 21111
  140 20807
  133 21045
  166 21556
  145 22017
  105 22274
  109 21731
  137 20868
  147 19763
   66 18878
  130 18380
  169 18107
   90 18033
  175 18424
  146 19062
   66 19827
  140 20061
  163 19694
  181 19519
  142 19929
  125 21133
  102 22030
  100 21750
  122 20357
   86 18400
   98 16895
  151 16096
   86 15902
  150 16321
  125 16930
  101 17682
  137 18204
   94 18249
  166 18287
  102 18111
   38 18005
   94 17359
   93 15960
  144 14628
  149 14055
  124 15080
  115 16945
   97 18435
  169 19089
  108 18836
   56 18417
  153 17987
   58 17187
  119 16422
  120 15580
  164 15617
  106 16339
  132 17536
   81 18497
  133 18644
   64 17985
  120 16913
   80 15864
   70 14971
  114 14377
  128 13950
  139 14342
  154 15436
   45 16921
   70 17758
   30 16895
   83 14675
   51 11890
  144 10192
  152 10359
   36 11894
  189 14333
  119 16099
  127 17597
  138 18433
   96 18987
  164 19387
  119 19241
  100 19243
  205 19285
   63 19398
   84 19467
  131 18804
  139 17924
  127 17250
  140 17304
  188 18463
   73 19627
  181 20761
  229 21432
   77 22035
  157 22801
   87 22738
   84 21862
  156 19952
   99 18061
  132 17195
  150 17186
  130 18062
  165 19080
  123 19993
  111 20677
  154 20783
   74 20289
   66 19243
   83 17559
   99 15705
  195 14477
  140 14583
  160 16537
  172 19267
  137 21737
  153 23151
   62 23033
  157 22163
   45 20254
  217 18772
  135 17872
   62 18095
  194 19084
  102 19511
  110 19805
  106 19157
  149 18720
  143 18352
   90 18271
  157 18703
  199 19236
  167 20340
   83 21496
  169 22513
   73 22416
  142 21388
   60 19528
  115 17833
  135 16619
  105 15968
  188 16439
  105 17297
   76 18587
  157 19122
  103 18863
  159 18451
  114 18162
  175 18795
  105 19535
  128 20192
  140 20386
   50 19770
  135 18941
  118 17635
  101 16815
   72 16196
  148 16025
  188 16309
  198 17400
   47 19225
  188 21174
  157 22151
   46 21862
   76 20569
   96 18479
  134 16546
  128 15037
  186 15264
  172 17020
   97 19506
  206 21770
  106 22685
   72 22578
   51 21064
  137 18801
  134 16509
  156 15349
   78 15822
  125 17113
  104 18051
  152 18135
  196 18166
   89 18652
  115 19817
   89 20205
  180 19901
  131 18985
   93 18565
  218 19136
  102 19884
  119 20794
  133 20875
  102 20476
  120 19633
  135 18636
  226 18585
  157 19424
  124 21322
  158 23075
  167 23909
  151 23862
  157 23380
  112 23045
  165 22807
  142 22387
  176 22090
  162 22133
  108 22502
  226 23159
  162 23530
  176 24242
  150 24848
  133 25272
  124 24928
  170 23771
  119 22486
  112 21374
  112 20592
  112 19714
  166 18932
   76 18223
  122 18074
  152 18044
  140 18254
   57 18382
  107 18268
  141 17827
  157 17261
  157 17425
  100 18354
  128 19688
  116 20213
  118 19847
   83 18773
  103 17666
   81 16619
  117 15685
   30 14727
  177 14204
  160 14289
  137 15484
  154 17607
  125 19709
  181 21425
   51 21639
  114 21132
  159 19817
   97 18555
   61 17634
   72 16674
   96 15663
   67 14139
  132 13043
  173 12988
  164 14494
  105 16987
  129 19361
   92 20487
  107 20080
  174 18940
   79 17878
  126 17709
   96 17693
  112 17647
  132 17244
  140 16983
  135 17386
  117 18112
  167 19151
   91 19671
  160 20007
  168 20106
   69 20169
   93 20053
  143 19312
   85 18199
  170 17267
  131 17094
  121 17883
  162 19012
   89 19772
  185 20268
  175 20422
  189 21292
  238 22937
  127 24982
  152 26799
   89 26824
   61 25087
   95 21741
   87 17994
  161 15439
  118 14440
  140 15390
  136 17069
   88 18529
   96 19061
  178 18678
  160 18352
   88 18530
   74 19060
  120 19060
   97 18064
   78 16504
  184 15525
  120 15562
   94 16606
  112 17645
  140 18184
   89 18036
   58 17324
  113 16467
   87 15348
   73 14379
  201 14022
   64 14371
  159 15746
  118 17059
  109 18158
  168 18761
  137 19011
  107 19537
  116 19705
   74 19510
  173 18756
  168 18057
   75 18092
   95 18610
  107 18707
   88 17950
  129 16599
  133 15731
  174 16094
   99 17302
  164 18966
   73 19882
   79 19799
   74 18473
  109 16452
  210 15150
   72 14924
  134 16379
   78 17656
   96 18187
  130 17480
   83 16256
   99 15612
  127 15301
  124 15609
  133 16097
  131 16923
   68 17694
  103 17936
  142 17500
   93 16738
  173 16539
   92 16903
  183 18066
   67 18866
  217 19698
   69 19914
  135 20041
  152 19980
  123 19654
  118 19645
  110 19286
  186 19435
  157 19500
  128 20237
  110 20999
  169 21516
  168 21582
   78 21242
  188 21202
   73 20870
  163 20649
  144 20069
  156 19943
  118 20276
  112 20595
  154 20813
  158 20444
  156 20470
   92 20632
  150 21052
   77 20750
   95 19732
  133 18237
   53 16705
  129 15803
  107 15146
   81 15056
   86 14952
  199 15178
  161 15967
  151 17624
   91 19716
  161 21301
  159 21782
  162 21566
  120 21470
   94 21477
  160 21403
   81 20453
   44 19026
  100 17169
  146 15516
  201 14914
  166 15943
   79 18409
  103 20660
   58 20947
   85 19118
  148 16396
  113 14598
  177 14813
  168 16545
  123 19040
   95 20868
   49 21082
  168 19902
  125 17929
   46 16579
   88 15930
   50 15225
   73 14074
   57 12247
  113 10975
  192 10983
   95 12419
  111 14941
  146 17162
  151 18690
   67 19118
  154 19064
  198 19096
   82 19328
  147 20007
  158 20485
   67 20617
  170 20286
  189 19883
   79 19935
   75 20073
  151 19844
  125 18985
  105 17964
  130 17512
  219 18024
  108 19121
  132 20526
  173 21571
  128 22016
  196 22260
   55 21990
  202 22074
   83 21488
   70 20664
  113 19233
  138 17587
  166 16841
  144 16959
  148 18558
  172 20397
  165 22050
  122 22954
  175 23313
   81 23024
   83 22089
  158 20532
   87 18741
   86 17413
  103 16426
  148 16055
  104 15919
  113 16229
  243 17288
  110 18704
   95 20433
  176 21486
  169 21830
  181 21969
  180 22449
  187 23830
  154 25240
   86 25858
  153 25229
  169 23604
  107 22000
  199 21245
  131 21281
   83 21736
  157 21708
   75 20794
  194 19812
  130 18974
  178 19453
  139 20533
  145 21805
  142 22633
   59 22221
   96 21084
  115 18976
  166 17283
  157 16611
   48 17159
  203 18543
  121 19365
  125 19911
   48 19628
  155 19085
  114 18159
  159 17414
  115 17509
   91 18049
  139 18756
  128 18673
  175 18678
  119 18835
  167 19840
  127 20816
  103 21339
   69 20878
  121 19470
  160 17940
   31 16572
   60 15839
  147 15106
  135 14563
  166 14781
  123 16076
  203 18538
   52 20472
   86 21248
  139 20330
  136 18639
   72 17302
  147 16730
  110 16940
  142 17350
  120 17792
   70 17996
  102 17899
  101 17088
  163 16332
   93 15845
   92 16219
   85 16615
   55 16273
   91 15134
   38 13322
  208 12391
  119 12487
   65 14037
  121 15878
  133 16989
   91 17261
   87 16712
  155 16460
   80 16252
   64 16180
   88 15703
   94 14821
   81 13831
  120 13178
  166 13497
  167 14898
  140 17210
   75 19384
  118 20542
  115 20103
  176 18991
  162 18365
   99 18885
  120 20022
  158 20630
  166 20686
  157 20638
  186 21353
   97 22397
  147 23170
   69 22653
  176 21378
   68 19603
   82 18173
   80 16917
  174 15879
  128 15516
   95 15862
  130 17066
  155 18079
  101 18734
  197 19133
  132 19714
  119 20591
   74 20971
   77 20262
  144 18641
  114 16739
  166 16113
  174 16858
  159 18935
  116 21062
   56 22037
  116 21452
  143 19512
   77 17499
  115 16311
  100 15939
  176 16295
  118 16803
   81 17555
   79 17993
  119 17633
   78 16541
   92 15181
   74 14227
   90 13665
  153 13569
  125 13924
  200 15413
   80 17373
   69 19194
  113 19531
   64 18178
  127 16279
  114 14668
  155 14666
   72 15465
   70 16445
   72 16469
   60 15202
   59 13335
  114 11608
   81 10889
  119 11272
   65 12239
   84 13204
   81 13555
   90 13317
  131 13098
  126 13313
  130 14477
   98 15909
  135 17262
   91 17817
   97 17689
  133 17179
  118 16691
   94 16580
  189 16941
   71 17493
  163 18290
  156 18911
  154 19701
   81 20353
  117 20555
   81 19976
  162 18675
  147 17663
   91 17407
  174 18238
  127 19130
   93 19828
  165 19904
  196 20010
  165 20647
  190 22039
  137 23772
  155 25037
  138 25159
   89 24142
  126 22464
   96 20448
  131 18823
  150 17740
   95 17504
   90 17738
  148 17869
  146 17871
  107 17876
  109 18161
  167 18637
  106 18915
   86 18921
  132 18613
  140 18169
  120 17899
  171 18126
   70 18670
   92 19079
  138 18728
  116 17822
   88 16977
  144 16634
  183 17120
   62 17814
  129 18647
  154 18976
   58 18755
  126 18199
   64 17162
  128 16339
   70 15318
   62 14562
  180 14204
  145 14366
  111 15644
   78 17039
   94 18039
   65 17566
  130 16109
   83 14600
   76 13818
  168 14019
  123 14715
  180 16208
   79 17742
  101 19162
   64 19189
  116 17958
  140 16320
  155 15437
  125 16173
  146 17791
  128 19491
  188 20606
  151 21293
   90 21733
  138 21921
  173 21576
  167 21208
  116 21088
  110 21395
   94 21290
  126 20345
  155 18969
  134 18078
   82 18101
  125 18522
  123 18586
  157 18336
   52 17919
  113 17711
  180 17541
   66 17258
  186 17547
  101 17924
  134 18839
  177 19473
  152 20102
   92 20769
  136 21043
  118 20896
  152 20157
  117 19454
  194 19448
  136 20089
   85 20918
  109 21190
  162 20522
  113 19497
   98 18590
  132 18276
  207 18501
   85 18996
  115 19680
   68 19757
   56 18771
  147 16911
  130 15043
  184 14910
   82 16108
  156 18302
  177 19925
   86 20650
  155 20917
  130 20630
  126 20501
  104 19997
  117 19454
   87 18671
  162 17891
   64 17219
  162 17034
   79 17003
  119 17153
  105 17069
   92 16689
  190 16687
  113 16823
  157 18003
  106 19090
  143 20107
  186 20564
   53 20434
   93 20165
   72 18901
   91 17154
  103 15058
  148 13842
  150 14198
   76 15528
   65 16967
  118 17239
  173 16717
   71 16042
  104 16107
   75 16354
   77 16138
  142 15318
  162 14686
  131 15330
   66 16739
  191 18408
  112 19126
  120 19359
  130 19285
  169 19408
   94 19633
  110 19649
  139 19500
  129 19014
  163 18876
  113 18997
  135 19637
  164 20200
  153 20672
  130 21067
   78 21160
   96 20731
   93 19268
  212 17769
   77 16835
  134 17308
  114 18215
  151 18937
   98 19028
  138 18776
  129 18754
   95 18610
  108 18500
  106 17891
   97 17206
  178 16701
  184 17048
  192 18684
  118 21052
  129 23169
  179 24036
  159 23673
   88 22853
  145 22073
   97 21229
   54 19898
   78 17946
  110 15778
   97 14109
  165 13579
   81 14215
  138 15673
   50 16691
  157 17099
   63 16561
   85 15806
  117 15183
  102 14647
  131 14782
  115 15109
   99 16006
  136 16726
  139 17321
  146 17895
  140 18632
  197 19847
  143 21174
  111 22312
  173 22919
  112 22667
   43 21666
  181 20195
  150 18816
   67 18092
   78 17802
  141 17540
  115 16969
   71 16213
  130 15892
  109 15829
   58 15843
  133 15666
  100 15291
   71 15049
   54 14631
  142 14191
  100 13725
   91 13692
   65 14023
  141 14449
  161 14937
   87 15529
   98 16508
  103 17148
   54 17003
   97 15878
  138 14571
  152 14165
  186 15251
  156 17624
   35 20007
   69 20918
   73 19467
  162 16769
   92 14413
   97 13861
  183 14955
  115 16510
  136 18127
   80 18883
   67 18937
  144 18021
  129 16722
  127 16166
   52 16223
  115 16720
   85 16448
  141 15766
  151 15398
  135 16017
   78 17398
  147 18540
  131 18967
   60 18536
  135 17936
  102 17154
  188 16996
  192 17555
   72 19010
  169 20819
   98 21550
   85 21181
  142 19696
  148 18355
   90 17765
   58 17496
  183 17515
  194 17476
  142 18247
  138 19894
  216 22010
  132 23625
  111 24226
  105 23698
  142 22365
  106 20639
  176 19314
  192 19151
  136 20165
  175 21974
  154 23402
  178 24327
  125 24396
   87 23892
  111 22676
  168 20975
  142 19565
  163 19165
  169 20055
  162 21610
  127 22927
  104 23288
   56 22352
   79 20163
  164 17588
  114 15634
   59 15066
  190 15736
   75 16570
  142 17372
  101 17583
   37 17419
  146 16845
   95 15710
  150 15292
  179 15642
  134 17333
  118 19383
   99 20623
  125 20754
   64 19454
  103 17781
  131 16250
  128 15512
  115 15734
  154 16648
  120 17852
   63 18571
  129 18602
  111 17818
  174 17217
  130 17219
  171 18385
   67 19721
  160 20630
  190 20787
   66 20418
   75 20091
   97 19085
   99 17627
  146 15929
  130 15165
  147 15889
   76 17237
   68 18182
  182 18088
   81 17188
  161 16881
  101 17045
  155 17999
  112 18731
   90 18968
  180 19029
   91 18633
  165 18851
  162 19147
  149 20093
  124 21066
  128 21638
   47 21335
  116 19904
   83 17796
  202 16190
   98 15717
  113 16651
  159 18108
  157 19216
  149 20139
  146 20751
  109 21466
   89 21441
  113 20560
  170 19176
  163 18315
  152 18755
  188 20390
  159 22343
   65 23540
  169 23558
  138 22439
  183 21405
  100 20841
   78 20810
  225 20891
   87 20358
   80 19948
   84 19021
   82 17826
  147 16311
  141 15141
  140 15515
  163 17051
   78 18938
  198 20352
   73 20537
  123 20292
  151 19608
  168 19239
   96 19377
   94 19557
   78 19429
  142 18373
  129 17134
  212 16814
   67 17691
  121 19264
  159 20219
  118 20132
  168 19871
   96 19605
  138 19999
  149 20071
  142 20124
  131 20161
   89 20124
   90 19871
  101 18756
  150 17432
  109 16422
   52 16125
  119 16201
  146 16079
   47 15711
  117 15425
  159 15433
   38 15582
   68 15565
   67 14821
  197 14063
  102 13618
  135 14605
  122 16426
  133 18180
  108 19137
  165 19201
   65 18997
   63 18429
  148 17584
  173 16647
  141 16645
   96 17612
   85 18946
   99 19208
   52 17932
  142 16014
  169 14720
   98 14945
  158 16508
  122 18236
  172 19750
   45 20135
  219 20282
  125 20051
   54 19907
  118 19617
   49 18335
   96 16711
   74 14454
  155 13312
   91 13102
  137 14152
  208 15997
   79 17799
  140 19607
   91 20180
  113 19939
  149 18881
  108 17918
  173 17929
  142 18523
   87 19592
   84 19929
  152 19441
  131 18451
  107 17672
  165 17814
  150 18589
  133 19705
  183 20761
  133 21618
   76 22030
  194 21915
  160 21397
  137 21195
  187 21625
   94 22309
  196 22979
   67 22618
  129 21895
   93 20414
   86 18769
   87 17145
   85 15485
  114 14550
  155 14136
   99 14736
  146 15992
  149 17482
  130 18812
  175 19898
  159 20807
   58 21459
  173 21606
   85 20844
  169 19930
   52 18810
  144 18255
  113 17773
  109 17339
  107 17162
   86 16759
   51 16359
   59 15103
  116 13666
  153 12572
   62 12594
  145 13834
  146 15451
   65 16759
   82 17249
  161 16997
   92 16505
  114 16221
  127 16395
  192 17158
   88 18104
   74 18906
  184 19268
  123 18981
  165 19024
   78 19151
  129 19689
  172 19818
   58 19362
  109 18807
  116 17878
   76 17062
  125 16150
   57 15308
  132 14974
  164 14939
  125 15684
  142 17095
  144 18698
  165 20248
  144 21146
  142 21766
  163 22168
   76 22120
   52 21340
  139 19606
  124 17528
  148 16262
  164 16450
  151 18078
  128 20075
   79 21211
  140 21162
   63 19765
   82 17957
   96 16057
  128 14731
  187 14574
   81 15391
  127 17137
   99 18291
  148 18747
  133 18450
  157 18389
  132 19030
  101 19790
   60 20008
  105 18988
  170 17475
  176 16559
  127 17217
   86 18858
  161 20364
  103 20546
  122 19851
  132 18932
  165 18648
  131 19019
   64 19440
  179 19787
  147 19576
  118 19538
   84 19472
  192 19642
  143 19753
  107 19891
   73 19965
  175 19745
  120 19185
   79 18466
  144 18115
  100 17814
   55 17465
  163 16786
  130 16262
  185 16673
   39 17582
  203 19018
   87 19604
  157 19789
  173 19816
   55 19796
  101 19968
   93 18946
  144 17750
  174 16610
  168 17035
  127 18809
   94 20669
   56 21275
  133 20034
  168 18046
   93 16700
  166 16952
  124 18083
  113 19337
   92 19650
  172 19350
  133 18892
   95 18710
  100 18818
   99 18493
  164 17952
  101 17234
  101 17141
  201 17655
   85 18342
  101 19005
  169 19170
  109 19106
   78 18810
  139 18338
  134 17955
  131 17742
  163 18109
   97 18835
  147 19684
  143 20087
  217 20538
  139 21214
  163 22510
  125 23662
   88 23758
  148 22770
   90 20779
  119 19109
  186 18083
  110 18091
   99 18728
  177 19394
   87 19658
   94 19389
  146 18729
   84 17953
  146 17449
  175 17407
  204 18488
   68 20041
   96 21442
  187 21728
  119 20831
  116 19927
   73 19129
  117 18680
   68 17590
  102 16178
  189 15216
  117 15269
   85 16514
   99 17631
   98 17943
   66 17004
  168 15771
  201 15453
  115 16611
   85 18679
  184 20399
  110 20901
  142 20593
  192 20327
  125 20659
  159 21584
   87 22035
  168 22075
   89 21147
  145 20209
  186 19622
   50 19378
   39 19242
  156 18185
  139 16792
  150 15940
   39 16123
  117 17035
  173 17465
   51 17134
  113 16735
  102 16230
  154 16274
   78 16171
  184 16651
   74 17287
   83 17818
  151 17884
  191 17629
  157 18185
  183 19717
  184 22184
   73 23974
  141 24519
  125 23316
  164 21642
  121 20277
  176 20065
  204 20916
  118 22119
  187 23526
  115 24067
  145 24091
  176 23385
   94 22483
  180 21995
  126 21519
  121 21429
  179 21234
  131 21143
  117 21245
  107 20993
   71 20290
  100 18790
  128 17010
   73 15593
  155 15113
  156 15588
  215 17221
  134 19452
  157 21946
  178 23823
  103 24391
  118 23919
  113 22387
  129 20769
  109 19193
   67 17994
  122 17143
  177 16592
  176 16915
   78 18000
  140 19561
  166 20586
   62 20533
  161 19962
  147 19244
  154 19297
   93 19619
  131 20064
  100 19964
  154 19344
  108 18654
  144 18337
   66 18335
   85 18084
  182 17540
  130 16917
  177 17464
  103 18674
   95 20142
  152 20595
   75 19793
  191 18909
   61 18028
  145 18124
   81 17985
   99 17640
  143 17072
   98 16384
   92 16360
  129 16307
   94 16445
  153 16512
  133 16794
  106 17475
  161 18360
  165 19232
   78 19912
  125 20176
   54 19608
  165 18524
   58 16945
  170 16161
   95 16037
   73 16426
  164 16932
  141 17013
   62 17358
  128 17486
   88 17453
   98 16906
   92 15989
   87 15144
  106 14600
   99 14287
  173 14634
  105 15361
  131 16750
  143 18079
   99 18934
   83 19056
   98 18276
  155 17326
  221 16949
  123 17888
  127 19946
   95 21605
  128 21906
  154 20804
  168 19615
  219 19859
  122 21295
   87 23083
  155 23638
  175 22889
  112 21636
  119 20773
  169 20639
  122 20656
  166 20790
  192 21122
  181 22091
   94 23241
  154 23995
   65 23430
  152 21868
   90 19734
   72 17904
  172 16882
  161 16585
  206 17760
  189 19883
   92 22596
  169 24507
  139 24691
   77 23525
   79 21430
   98 19129
  178 17292
   67 16029
   74 15837
  180 16122
  136 16590
   98 17260
  142 17983
  103 18676
  145 18978
  128 18843
  129 18809
   89 18806
  147 18834
  157 18784
  142 18891
  187 19742
  131 20939
   61 21916
  149 21834
  161 20791
  144 19768
   90 19340
  172 19753
   98 20057
   92 19857
   67 18858
  181 17630
   61 16507
   93 15909
   68 15509
   83 14872
   95 14009
   42 12822
  121 12278
  167 12282
  113 13402
   98 15108
   80 16635
  108 17271
  148 16857
  107 16269
  153 16462
  154 17459
  167 19063
   62 20258
  162 20888
  130 20629
  169 20186
   59 19765
  108 19463
  138 18951
  131 18074
  154 17749
  136 18054
  156 19336
   59 20180
  156 20455
   97 19637
  101 18550
   73 17387
  125 16394
  164 15945
   65 15802
  136 16469
  126 17012
   98 17495
   89 17408
  161 17163
  190 17369
  103 18117
  162 19640
  181 21082
   89 22025
  147 22229
  141 21714
  105 21013
  156 20314
   89 19690
   84 19135
  199 18548
  129 18239
  219 19005
  117 20460
  130 22343
  114 23112
  158 22623
  185 21703
   66 20799
  158 20827
  115 20546
   91 20066
  206 19384
  132 19059
  127 19728
  114 20413
  124 20818
  174 20542
  147 20106
   91 20153
  160 20441
   89 20441
   74 19750
  131 18430
  100 17023
  163 16349
  160 16575
  174 18103
  136 20093
   92 21700
  234 22595
   94 22380
  174 22348
  151 22254
  153 22554
  111 22665
   83 22065
  189 21277
   91 19922
  105 19166
   91 18362
  124 17752
  139 17148
   71 16591
   92 16478
   67 15988
  110 15296
  125 14364
   89 13951
   62 14167
  195 14802
  128 15600
   82 16586
  147 17675
   34 18050
  184 17934
   97 17020
  195 17064
  151 17952
   73 19475
   87 20523
  125 19902
  136 18610
  148 17292
  128 17313
  130 18285
   83 19209
  151 19482
   92 18859
  125 18141
   77 17442
  121 16942
   47 16234
  145 15481
  104 14896
  125 14878
  154 15693
  172 17062
  220 19253
   21 21038
   90 22149
  124 21195
  122 19068
  122 17006
  111 16087
  173 16820
  111 17855
   71 18761
  153 18905
   93 18366
   82 17602
  154 16836
  171 16745
   60 17213
  118 17936
  108 18176
  151 17910
  155 17635
  113 17939
  161 19035
  100 19917
   88 20232
   81 19315
  162 17983
  155 16982
  186 17284
   89 18769
  132 20505
  167 21445
  177 21505
  145 21551
  149 22004
  159 22857
  120 23176
   89 22724
   92 21325
   91 19352
  162 17489
   90 16237
  168 16325
   37 16864
  120 17427
   72 16935
  193 16164
  133 15914
  147 16838
  133 18747
   47 19931
  138 20130
   73 18572
   60 16729
  171 15140
   97 14473
  138 15059
  122 16092
   76 17258
   77 17547
  144 16957
  142 16251
  156 16224
  135 17392
  110 19009
  102 20063
   91 19818
  181 18876
  121 17954
  138 18085
  179 19055
   92 20173
  108 20842
   99 20331
  138 19280
  146 18130
  177 17948
  134 18888
   83 20160
  132 20926
  126 20439
  127 19427
  169 18718
  170 19046
  140 20259
  148 21652
   75 22317
   74 21689
  119 19817
   95 17456
   88 15593
   60 14444
   68 13810
  120 13181
  189 13027
  128 13948
   70 15869
  141 17882
   82 18604
  172 18366
  123 17728
   89 17756
  107 18084
  173 18253
  203 18619
  157 19520
  176 21572
  153 23668
   96 24825
  101 24282
   92 22219
   62 19439
   53 16519
  184 14424
  182 13786
  166 15254
  154 18274
  121 21363
  134 23154
  104 22899
  105 21438
  139 19656
  190 18682
   83 18611
  153 19346
  181 20230
  152 21038
  150 21811
  169 22543
   89 23037
   88 22606
  143 21283
  151 19590
  133 18570
  123 18570
  151 19345
  113 19982
  118 20150
  113 19718
  134 19093
  165 18730
   61 18557
  186 18909
  152 19224
   89 19692
  201 20255
   88 20522
   79 20633
  131 19808
   85 18506
  124 17170
  166 16385
  200 17071
   81 18555
   98 20237
  122 20777
   54 19662
   67 17540
  195 15503
   55 14441
   94 14575
   59 14853
  117 14837
   93 14212
  115 13686
  218 14351
  153 16066
   50 18567
  114 20168
  132 20219
  176 19242
   43 18061
  109 17674
  160 17557
  142 17527
   96 17696
   97 17951
  103 18189
   72 17521
   98 16299
  127 15028
  132 14597
   86 15006
  149 16002
   62 16718
  127 17028
  198 17072
   56 17191
  139 17889
  127 18308
  111 18594
   65 18119
  177 17591
  200 17580
   52 18084
  139 19263
  132 19779
  149 19872
  128 19478
   60 19123
  200 19173
  115 18954
   93 19009
  182 19075
  113 19303
   62 19458
   99 18830
  188 18025
  109 17243
   93 17235
   83 17565
   78 17402
   50 16215
  149 14507
  135 13437
   52 13532
  160 14723
   95 15774
  126 16639
  108 16890
  119 17108
  155 17426
  106 17718
  208 18627
   93 19426
  147 20553
  121 20984
   84 20683
  156 19909
   83 18661
   73 17781
  117 16740
  154 16111
  111 15913
  112 16373
   69 17054
  114 17227
   72 16509
   95 15339
  157 14538
  114 14552
  135 15637
  130 17002
  123 18336
  125 19045
   96 19083
  128 18762
   86 18038
  196 17705
  151 17843
  162 19028
  177 20867
   98 22434
   76 22991
  171 22043
  147 20536
  155 19548
   97 19543
  146 20219
  134 20560
  101 20261
  202 19955
  163 19994
   69 20706
   83 21027
   53 20060
  134 17933
   95 15384
  143 14175
  162 14652
   81 16226
  178 18144
   41 18890
   70 18735
   85 17157
  142 15325
  126 14177
  149 14413
  171 16294
  106 18442
  135 20287
  146 20928
  109 20786
   64 19975
  174 19041
   53 17901
  189 17318
  154 17318
  123 18275
  202 19916
   77 21138
  191 22213
  121 22081
   97 21780
   95 20823
  164 19670
  159 18898
  167 18829
   90 19786
  179 20976
  140 21670
  132 21744
  158 21601
  152 21540
  160 21885
  181 22312
   99 22804
  127 22923
  163 22469
  139 21663
  159 21116
  120 21010
  186 21514
   38 21511
  184 21267
  131 20381
  123 19744
  180 19745
  123 20099
  159 21048
  112 21368
  184 21740
  120 21576
  105 21401
  112 20943
  155 20125
  177 19598
  162 19681
  138 20800
   86 21878
  158 22279
   71 21263
  162 19860
   77 18425
   76 17518
  131 16817
  104 16029
  140 15819
   42 15639
   77 15774
   94 15141
  147 14305
  133 13964
   90 14591
  202 16396
  119 18112
   75 19471
  186 20012
   89 19811
  128 19488
  131 18918
  166 18897
  131 19195
   55 19505
   66 19309
  182 18160
  129 16908
  222 16891
  141 18496
  110 21090
   69 22617
   67 21861
  178 19601
  142 17170
  148 16700
  180 17985
  100 20083
  174 21786
   57 21922
  125 21170
  131 19609
  142 18371
  113 17889
   92 17891
  177 18424
  112 18545
  169 19037
   75 19327
  120 19655
   67 19118
  161 18036
  143 17086
  109 16886
  129 17727
  185 18764
  152 19930
   87 20664
  162 21253
   87 21030
   92 20197
   86 18625
  109 16973
  173 15938
   57 15548
   96 16015
  205 16587
  180 17525
  150 19064
  180 21191
   98 23168
   95 23781
  125 22654
  153 20669
  189 19299
  167 19451
  196 21236
   90 23172
  159 24425
  141 24125
  118 22918
  109 21503
   95 20108
  151 19114
  137 18246
  147 18221
  121 18742
  145 19654
   93 20144
  176 20174
  196 20188
  129 20697
   76 21563
   99 21730
  202 21042
   92 19621
  127 18893
  201 19094
   65 19746
   87 20141
  123 19433
  112 18230
  123 16996
   77 16269
  127 16256
   81 16142
   74 15867
  131 15284
  123 14835
  174 15308
   78 16302
  117 17720
   54 18155
  148 17676
  139 16662
  128 16224
  111 16880
  167 18024
   91 19037
  146 19444
  144 19515
   82 19345
  114 19117
  146 18585
  158 18328
   80 18246
   55 18332
   76 17710
   61 15969
  120 13860
   64 12155
  208 12225
  161 13774
  131 16569
   87 19229
  150 20749
   93 20723
   67 19323
  153 17838
  172 16852
   67 16915
  190 17817
   83 18728
   84 19209
  141 18789
  166 18089
  138 17989
   87 18427
   94 19164
  102 18912
   61 17646
   84 15778
  178 14404
   81 14048
   90 14738
  168 15810
  136 16856
   99 17744
  179 18573
  196 19677
  132 20949
  112 22160
  172 22861
  124 22719
   70 21808
  169 20640
  119 19486
  109 18857
  168 18693
  193 19231
  135 20369
  160 21786
  228 23310
  137 24420
   95 25031
  144 24696
   54 23121
  110 20736
  141 18161
  183 16837
  122 17073
  149 18627
  185 20568
  159 22012
   87 22802
  168 22857
  175 22508
  174 22261
   83 22256
  184 22567
  170 22709
  167 22785
   67 22722
  138 22430
   89 21437
   83 19596
   73 17434
  190 15788
  113 15327
   72 15847
  207 17154
  127 18271
   78 19259
  144 19570
   73 19242
   95 18317
  103 16872
  140 15851
  102 15419
   70 15601
   72 15767
  175 15549
  167 15532
  170 16529
  150 18747
   55 20946
  144 21963
  128 21058
   66 19324
   38 17368
  139 15765
  136 14618
  149 14387
  111 15412
   60 16901
  116 17844
   90 17312
  146 16291
  106 15517
   36 15498
  164 15826
   75 15618
  164 15678
  140 15965
  189 17418
   84 19186
   74 20352
  107 20258
  156 18808
  139 17536
  112 17098
  168 18047
  115 19205
  115 20054
  109 19986
  133 19429
  125 18741
  100 18180
  237 18428
   98 19073
  111 20288
   96 20781
   95 20229
   92 18639
  142 16779
  171 16081
  136 16628
  102 18242
   89 19446
   64 19346
   79 17748
  168 15734
   88 14411
   62 14359
  118 14890
   83 15101
  114 14906
  120 14575
  164 15058
  177 16420
   75 18219
  157 19927
  104 20469
  192 20505
   65 19925
  118 19581
  133 19170
  123 18560
  136 18243
   90 17946
   78 17994
  148 17585
  162 17201
  117 17232
   54 17728
  112 18135
   95 17556
  144 16468
  128 15720
   90 15936
  124 16818
  144 17497
  138 17980
  179 18556
  138 19624
   67 20679
  112 20928
   23 19563
  151 17357
   92 14991
  163 14168
  174 15024
   82 16940
  143 19075
  160 20068
  107 20410
  121 20092
   90 19579
  176 19142
  172 18846
  133 19337
   68 20161
   98 20495
   86 19554
  153 17700
   92 16091
  183 15901
  152 17028
   73 18619
   87 19623
  138 19291
   77 18080
  138 16730
  175 16312
  181 17243
  112 19091
  177 21148
   51 22158
  132 21866
  109 20298
  136 18576
  122 17560
  101 17309
  152 17820
  184 18370
   92 19194
   76 19728
  122 19657
  109 18684
   84 17234
   51 15785
  102 14714
   95 13771
  133 13305
  181 13793
  152 15522
   74 17895
   67 19435
  149 19445
  102 18056
   91 16611
  178 16096
   82 16444
   80 17141
  107 17190
   88 16571
  147 15777
  200 15672
  114 16857
  111 18765
  123 20276
  175 20786
  176 20645
  147 20869
  190 21999
  144 23328
   92 24123
  158 23786
   49 22235
  203 20592
  120 19109
  113 18793
  103 18966
  155 19152
  145 19232
  148 19183
  176 19954
  132 20951
  186 22253
  137 22993
  161 23470
   89 23281
   92 22447
   65 20659
  104 18181
  137 15988
   67 14555
  183 14719
   76 15454
  159 16807
   97 17629
  150 18280
  171 18826
   43 19042
  163 19460
   56 18806
  168 18245
   57 17111
  134 16593
  208 16756
   56 17248
  110 18330
   71 18297
   86 17628
   78 15799
  146 14256
   65 13554
   68 13597
   68 13771
  182 13684
  165 13996
   36 14987
  124 16617
   70 17242
   40 16572
  104 14667
   80 12772
  133 12024
   74 12170
  190 13565
   90 15092
  131 16800
  136 18043
  129 18709
  163 19284
   67 19353
  167 19672
  173 19631
   83 19784
  133 19976
  188 20130
   91 20280
  176 20437
  192 20888
  103 21615
   88 22094
  109 21642
  150 20382
   89 18651
  135 17639
  206 17679
   59 18402
  158 19516
  149 20022
   78 20103
  156 19789
   84 19083
  193 18880
   83 18561
  132 18879
  132 19037
   99 18948
   89 18611
  204 18062
   85 17935
   81 18052
   84 17982
  165 17460
  100 16688
   97 16252
  145 16571
  170 17267
  132 18348
   81 19202
  139 19823
  118 19622
   65 18771
  142 17698
  183 17088
  101 17347
  189 18523
  124 19936
  152 21279
  118 21795
  133 21679
   60 20839
   75 19297
  150 17578
  142 16075
  103 15805
   93 16376
  102 17154
  124 17265
  112 16800
   35 16093
  184 15769
  120 15665
   98 16126
  184 17054
  118 18181
  145 19476
  162 20274
  130 20983
   96 21192
  173 21082
  155 20801
  111 20575
   84 20463
  160 20183
  134 19597
  147 19161
  136 19281
   88 19707
  105 19882
   65 18948
  147 17532
  143 16223
   72 15879
  146 16456
   66 16913
  135 17167
  133 16813
   61 16527
  147 16565
   37 16239
  128 15978
  127 15250
  124 15137
  134 15748
   63 16563
  115 17332
   57 16814
   85 15733
   87 14191
   98 13088
   70 12626
  174 12891
   66 13661
  105 14697
  156 15664
  128 16443
  175 17532
   68 18464
   83 19292
  127 18930
   88 17705
  217 16768
   39 16412
  155 17414
   73 17940
   89 17867
  102 16886
  166 15796
  158 15893
  145 16961
  174 19219
  182 21367
   99 22962
  120 23414
  115 22664
  112 21104
   55 19103
  106 17229
  116 15745
  112 14879
  143 14950
  159 15879
   67 17261
  148 18433
  149 18931
  102 18963
  155 19018
   94 19039
  165 19337
  158 19469
   51 19621
  191 19827
  107 19595
   69 19314
   96 18421
  152 17448
  100 16627
  117 16249
  108 16541
  177 17153
   96 17814
   84 18271
  163 18483
   99 18238
  165 18232
  145 18389
  199 19529
  147 21044
   94 22422
  152 23072
   34 22075
  190 20537
  133 18669
   60 17820
  154 17793
   92 17748
  159 17918
   97 17613
  165 18019
   92 18409
   56 18545
  162 18223
  188 17535
  106 17687
  159 18688
   82 19950
   76 20349
  103 19252
  127 17392
  165 16130
   71 15907
   73 16609
  153 17006
  120 16880
  177 16930
  102 17479
  175 18968
  178 20445
   87 21473
  175 22089
   65 21691
  114 20928
  140 19419
  192 18469
  124 18517
  137 19545
  112 20810
  100 21041
  167 20478
   86 19278
  134 18632
   40 17936
   75 17124
   80 15523
  133 13837
   59 12792
  147 12843
  195 14152
   71 15887
  126 17820
   80 18626
  109 18505
  135 17421
  175 16752
  117 17151
  107 18299
  133 19470
  158 19834
   95 19648
  171 19499
  127 19608
  132 20006
   93 20149
   77 19659
  113 18554
  188 17290
  135 16909
  194 17973
  176 20210
  129 22581
  178 24210
   65 24284
  159 23458
  145 21819
  162 20738
   94 20263
  147 20379
   88 20371
  137 19776
   70 18744
   93 17501
  192 16735
  124 16503
  164 17555
  182 19232
  134 21277
   81 22470
  116 22326
   95 20897
   91 18728
  102 16763
   95 15414
  186 15166
  137 15808
  126 17375
  149 19109
   92 20251
  109 20405
  162 19643
  104 18817
   53 18129
  147 17630
  166 17222
  120 17211
  129 17886
   84 18747
  155 19304
   90 18912
   72 18065
  143 17141
  102 16382
  111 16150
  141 16202
  178 17009
   87 18050
  179 19332
  119 20216
  119 20654
   73 20325
  115 19318
  121 18012
   76 16630
  120 15928
  102 15501
   51 15353
  175 15223
  113 15187
  134 15865
   75 16711
  146 17605
  190 18180
   92 18533
  113 19226
  157 19643
  172 20071
  169 20437
  174 21368
  154 22804
   98 23833
  138 23876
  148 22767
  161 21504
  114 20726
  145 20691
  118 20810
  171 20823
  160 20801
   66 20775
  115 20715
  173 20122
  196 19690
  143 19927
   92 21030
  192 22300
   82 22427
   86 21554
  158 19989
  150 18762
  152 18546
  176 19296
  106 20710
  184 21986
   69 22276
  175 21948
  131 21033
   73 20211
  118 19495
   65 18262
   84 16941
  109 15214
   99 14123
  151 13933
   76 14486
  110 15551
  142 16281
  174 16987
   61 17605
  149 18354
   81 18647
  112 18309
  110 17443
  183 16853
   83 16993
  146 17760
  180 18877
   87 19620
  162 20321
  112 20362
  100 20250
  146 19634
  113 18939
  164 18684
  108 18681
  143 19266
  169 19808
   79 20144
  142 20315
   94 19783
  130 19157
  133 18329
  164 18101
  113 18535
  111 19212
   66 19465
  162 18894
   71 17710
   54 16461
  140 15522
  159 15022
  114 15400
   78 16234
  137 17350
   72 17596
  118 17160
  175 16544
  155 16730
   90 17872
  143 19245
  172 20236
  101 20452
  121 20365
  200 20297
  135 20522
  101 20948
  131 21186
  173 21104
  122 20719
  103 20348
   92 19935
  187 19484
   87 18843
   86 18343
  117 17892
  120 17374
   90 16798
  167 16437
  196 17038
  102 18380
  162 20258
  217 21862
  124 23017
  205 23973
   56 24240
  160 24089
  143 22855
  182 21670
  205 21404
  143 22240
  169 24059
  120 24960
   89 24759
  128 23069
  130 20870
  187 19375
  164 19128
  181 20480
  158 22430
  120 23977
   87 24215
  214 23290
  107 21864
  127 20958
  169 20729
  104 20780
  123 20795
   41 19895
  157 18792
  100 17204
   86 16181
  102 15671
   52 15237
   73 14699
   72 13404
   88 12255
  164 11744
  146 12550
   74 14445
  150 16590
  130 18066
  165 18894
   93 19188
  120 19499
  100 19417
   83 18650
  166 17687
   89 16728
  116 16680
  166 17059
  111 17761
  168 18670
   78 19240
   52 19394
   97 18346
   80 16379
  162 14649
  128 13932
   80 14832
   75 16049
   59 16368
  119 15529
   92 14005
   82 13147
  136 13227
   96 13935
   92 14819
  141 15444
   61 15754
  131 15925
  102 15787
  132 15891
   76 15979
   96 16103
  159 16215
  103 16158
  207 16935
  129 18137
  132 19999
  125 21280
   52 21299
  110 20110
   55 17699
  130 15624
  133 14200
  102 14192
  155 15333
   93 16627
   88 17683
  166 17888
  122 17778
   87 17747
  131 17847
   88 17827
  136 17559
   86 16982
  164 16837
  201 17345
  144 18756
  196 21017
  174 23192
   95 24774
  152 24995
   74 23743
  187 22014
  103 20182
  146 19426
  158 19469
  179 20176
  100 21135
  192 21894
  194 22672
  151 23332
  169 24221
  114 24663
  122 24527
   90 23108
  224 21519
  126 20279
  118 20274
  150 20936
  117 21288
  198 21410
   58 20843
  101 20486
  119 19518
   79 18170
  174 16979
   48 16029
   60 15911
  128 15453
  187 15139
   98 15282
   94 16223
  188 17812
  103 18820
  164 19571
  117 19805
  183 20404
  151 21023
  162 21796
  114 22463
  178 22791
  142 22831
  134 22513
  131 22204
   37 21348
   76 19873
   75 17289
  124 14774
  138 13208
  161 13567
  133 15548
  104 17880
   55 19263
  108 18926
  163 17558
   79 16187
   86 15749
   59 15612
   97 15250
  150 14440
  181 14242
  193 15748
   68 18334
  220 21252
  181 22930
   72 23547
  128 23290
  124 22206
  105 20798
   78 18909
  150 17581
   78 16636
   57 16060
   94 15387
   92 14379
   82 13478
   58 12712
  151 12635
  171 13208
  141 14807
  114 17059
  109 19079
  100 19965
  129 19430
  147 18399
   82 17649
  168 17774
  121 18198
  126 18803
   87 19008
  114 18806
  152 18321
   49 17481
  171 17180
   73 16784
   71 16667
   71 15957
  147 15016
  210 14746
   82 15424
  182 17709
  105 19711
  110 20989
  177 20927
   98 20182
  167 19953
   72 19637
   94 19503
   99 18499
  189 17434
  155 17066
  203 18155
   62 20233
   63 21658
   96 21151
  108 18708
  145 16217
  169 15128
  111 16164
  178 18275
   65 19951
  151 20659
   48 19852
   85 18336
  101 16426
  103 14720
  109 13986
   95 13859
  174 14802
   96 15792
  126 17069
  168 18095
  127 18949
   34 19334
  167 19115
   99 18278
  171 17617
  179 17772
  150 19113
  115 21006
  130 22165
  146 22336
  155 21555
   42 20590
  157 19782
   55 18618
  159 17589
  107 16624
   70 16241
  158 16472
   85 16457
   90 16611
  109 16196
   92 15858
  120 15477
  140 15367
  135 15956
  198 17265
   63 18811
  165 20256
   81 20509
  124 20002
  103 18807
  101 17595
  166 17094
   55 16712
  227 17386
  136 18108
   57 19306
  161 20090
  127 19978
  178 19822
   95 19447
  142 19915
  192 20470
  108 20903
  130 21292
  140 21195
  158 21164
  153 20984
  132 21066
   53 21067
  187 20750
  137 19957
  137 19438
  136 19541
  112 20042
  125 20399
  102 19871
  127 19106
  113 18176
  134 17765
   86 17576
  149 17636
  134 17771
  149 18166
  156 18966
  105 19849
  105 20495
  143 20309
  200 19944
  181 20063
  133 21229
  108 22724
  125 23330
  166 22676
  126 21312
  106 20305
   75 19636
  101 18835
  149 17653
   92 16477
  156 16263
  112 16771
  106 17711
   72 18029
   59 17354
  123 16012
   64 14299
  140 13475
  141 13552
  137 14861
  113 16628
  151 18251
   88 19201
  138 19344
  141 19073
  175 19001
  181 19712
   40 20657
  140 21419
  121 20801
   80 19405
   95 17674
   73 16178
  169 15465
  141 15232
  154 16257
  114 17876
   64 19299
   88 19481
   70 17893
  176 16014
  140 14852
  155 15656
  147 17736
  166 20109
  156 21913
   73 22474
   64 21933
  127 20144
  142 18012
  123 16509
   93 16253
  121 16921
  195 17802
  144 18615
   83 19498
  147 20297
  105 20418
  149 19948
   75 18957
  148 18368
  145 18114
  113 18229
  129 18652
   75 18718
  145 18673
   76 17848
  175 17330
  161 17285
  103 18108
  177 19544
  120 20543
  104 21124
  152 20805
  221 20613
   76 20677
  142 21245
   59 21270
  121 20368
   98 18496
  168 16867
  233 16864
   70 18205
  135 20550
  137 21690
   69 21457
  176 20160
  107 18731
  172 18523
   99 18790
  152 19627
  192 20329
   48 20573
   92 20566
  112 19415
   99 17876
  169 16444
  102 15959
  170 16947
  165 18458
  144 20207
  208 21794
   49 22656
   58 22676
  133 20994
   35 18184
  127 15479
   54 13406
  114 12861
  173 13135
   86 14127
  183 15928
  119 17594
  131 19339
   74 19898
  115 19573
  149 18625
   61 17392
  134 16854
  120 16487
  103 16629
  105 16687
  106 16668
   91 16521
  144 16242
  101 16132
  156 16475
  134 17245
  168 18477
  186 19964
   52 21117
  147 21818
   95 21106
   87 19687
  148 17979
  161 17027
  126 17367
   74 18170
   71 18731
  111 18028
   57 16284
   96 14447
  100 13171
  131 13003
   71 13481
  112 14280
   73 14793
  191 15188
   97 15586
  204 16792
  103 18437
   38 19733
   85 19704
  108 17849
  142 15811
  131 14521
  123 15178
  122 16732
   85 18033
  204 18708
  168 18986
  135 19909
  149 21292
  140 22452
  164 22971
  118 22584
  127 22057
  103 21239
  151 20431
  147 19681
  159 19473
  126 19970
  180 20910
  122 21721
  132 22081
   84 21717
   72 20510
  179 18964
   46 17190
  131 16339
   77 15736
   91 15549
  122 15198
  103 14809
  229 15457
   73 16538
   71 18258
   87 18763
  106 17914
  103 16204
   73 14535
  106 14004
   55 13742
  128 13784
  160 13832
  187 14827
   68 16676
  137 18770
   65 19686
  151 19235
  158 18146
   95 17503
  165 18083
  118 18874
  113 19698
   95 19548
  142 19030
  101 18234
  127 17652
  156 17632
  136 18056
  169 19102
   91 20023
   70 20480
   62 19561
  104 17530
   88 15105
   73 13283
  111 12682
  129 12955
  132 13949
   75 15061
   91 16021
  114 16300
  184 16266
  108 16426
   76 17145
   88 17799
   84 17462
   99 16192
   73 14520
  178 13843
  216 14591
  152 16958
  141 20157
   90 22597
  161 23483
  110 22412
  122 20791
  120 19441
   83 18586
  163 18205
  113 17753
  149 17943
   69 18157
  166 18604
  165 18836
  115 19115
  148 19820
   54 20086
  130 19962
   69 18521
  154 17081
  157 16197
  132 16614
  145 18161
  130 19635
   87 20557
  128 20273
  198 19653
  147 19379
  131 20066
  187 21394
  162 22661
  114 23361
  140 23353
  188 22979
   99 22371
  195 22122
   55 21729
  182 21537
   89 20747
  196 20193
